        2089
 28800 3.580317113414E+04  0.000000000000E+00
 29100 3.551353645266E+04  0.000000000000E+00
 29400 3.522390177117E+04  0.000000000000E+00
 29700 3.493426708969E+04  0.000000000000E+00
 30000 3.464463240820E+04  0.000000000000E+00
 30300 3.435499772672E+04  0.000000000000E+00
 30600 3.406536304523E+04  0.000000000000E+00
 30900 3.377572836375E+04  0.000000000000E+00
 31200 3.348609368226E+04  0.000000000000E+00
 31500 3.319645900078E+04  0.000000000000E+00
 31800 3.290682431929E+04  0.000000000000E+00
 32100 3.261718963781E+04  0.000000000000E+00
 32400 3.232755495632E+04 -9.654489382841E-01
 32700 3.206327414425E+04 -9.654489382841E-01
 33000 3.179899333219E+04 -9.654489382841E-01
 33300 3.153471252012E+04 -9.654489382841E-01
 33600 3.127043170805E+04 -9.654489382841E-01
 33900 3.100615089598E+04 -9.654489382841E-01
 34200 3.074187008391E+04 -9.654489382841E-01
 34500 3.047758927184E+04 -9.654489382841E-01
 34800 3.021330845978E+04 -9.654489382841E-01
 35100 2.994902764771E+04 -9.654489382841E-01
 35400 2.968474683564E+04 -9.654489382841E-01
 35700 2.942046602357E+04 -9.654489382841E-01
 36000 2.915618521150E+04 -9.654489382841E-01
 36300 2.895174370395E+04 -8.809360402271E-01
 36600 2.874730219639E+04 -8.809360402271E-01
 36900 2.854286068883E+04 -8.809360402271E-01
 37200 2.833841918128E+04 -8.809360402271E-01
 37500 2.813397767372E+04 -8.809360402271E-01
 37800 2.792953616616E+04 -8.809360402271E-01
 38100 2.772509465860E+04 -8.809360402271E-01
 38400 2.752065315105E+04 -8.809360402271E-01
 38700 2.731621164349E+04 -8.809360402271E-01
 39000 2.711177013593E+04 -8.809360402271E-01
 39300 2.690732862837E+04 -8.809360402271E-01
 39600 2.670288712082E+04 -6.814716918573E-01
 39900 2.656811640852E+04 -6.814716918573E-01
 40200 2.643334569623E+04 -6.814716918573E-01
 40500 2.629857498394E+04 -6.814716918573E-01
 40800 2.616380427164E+04 -6.814716918573E-01
 41100 2.602903355935E+04 -6.814716918573E-01
 41400 2.589426284706E+04 -6.814716918573E-01
 41700 2.575949213476E+04 -6.814716918573E-01
 42000 2.562472142247E+04 -6.814716918573E-01
 42300 2.548995071017E+04 -6.814716918573E-01
 42600 2.535517999788E+04 -6.814716918573E-01
 42900 2.522040928559E+04 -6.814716918573E-01
 43200 2.508563857329E+04 -4.492357076457E-01
 43500 2.498186745260E+04 -4.492357076457E-01
 43800 2.487809633191E+04 -4.492357076457E-01
 44100 2.477432521122E+04 -4.492357076457E-01
 44400 2.467055409052E+04 -4.492357076457E-01
 44700 2.456678296983E+04 -4.492357076457E-01
 45000 2.446301184914E+04 -4.492357076457E-01
 45300 2.435924072845E+04 -4.492357076457E-01
 45600 2.425546960775E+04 -4.492357076457E-01
 45900 2.415169848706E+04 -4.492357076457E-01
 46200 2.404792736637E+04 -4.492357076457E-01
 46500 2.394415624568E+04 -4.492357076457E-01
 46800 2.384038512498E+04 -3.459037356414E-01
 47100 2.374153081719E+04 -3.459037356414E-01
 47400 2.364267650939E+04 -3.459037356414E-01
 47700 2.354382220159E+04 -3.459037356414E-01
 48000 2.344496789379E+04 -3.459037356414E-01
 48300 2.334611358599E+04 -3.459037356414E-01
 48600 2.324725927819E+04 -3.459037356414E-01
 48900 2.314840497039E+04 -3.459037356414E-01
 49200 2.304955066259E+04 -3.459037356414E-01
 49500 2.295069635479E+04 -3.459037356414E-01
 49800 2.285184204700E+04 -3.459037356414E-01
 50100 2.275298773920E+04 -3.459037356414E-01
 50400 2.265413343140E+04 -3.459037356414E-01
 50700 2.251729842377E+04 -3.295143593297E-01
 51000 2.238046341615E+04 -3.295143593297E-01
 51300 2.224362840853E+04 -3.295143593297E-01
 51600 2.210679340090E+04 -3.295143593297E-01
 51900 2.196995839328E+04 -3.295143593297E-01
 52200 2.183312338565E+04 -3.295143593297E-01
 52500 2.169628837803E+04 -3.295143593297E-01
 52800 2.155945337041E+04 -3.295143593297E-01
 53100 2.142261836278E+04 -3.295143593297E-01
 53400 2.128578335516E+04 -3.295143593297E-01
 53700 2.114894834753E+04 -3.295143593297E-01
 54000 2.101211333991E+04 -4.561166920795E-01
 54300 2.089975026784E+04 -4.561166920795E-01
 54600 2.078738719578E+04 -4.561166920795E-01
 54900 2.067502412371E+04 -4.561166920795E-01
 55200 2.056266105165E+04 -4.561166920795E-01
 55500 2.045029797958E+04 -4.561166920795E-01
 55800 2.033793490751E+04 -4.561166920795E-01
 56100 2.022557183545E+04 -4.561166920795E-01
 56400 2.011320876338E+04 -4.561166920795E-01
 56700 2.000084569131E+04 -4.561166920795E-01
 57000 1.988848261925E+04 -4.561166920795E-01
 57300 1.977611954718E+04 -4.561166920795E-01
 57600 1.966375647511E+04 -3.745435735547E-01
 57900 1.960192248614E+04 -3.745435735547E-01
 58200 1.954008849716E+04 -3.745435735547E-01
 58500 1.947825450819E+04 -3.745435735547E-01
 58800 1.941642051921E+04 -3.745435735547E-01
 59100 1.935458653023E+04 -3.745435735547E-01
 59400 1.929275254126E+04 -3.745435735547E-01
 59700 1.923091855228E+04 -3.745435735547E-01
 60000 1.916908456330E+04 -3.745435735547E-01
 60300 1.910725057433E+04 -3.745435735547E-01
 60600 1.904541658535E+04 -3.745435735547E-01
 60900 1.898358259637E+04 -3.745435735547E-01
 61200 1.892174860740E+04 -3.745435735547E-01
 61500 1.882975495614E+04 -2.061132965881E-01
 61800 1.873776130488E+04 -2.061132965881E-01
 62100 1.864576765362E+04 -2.061132965881E-01
 62400 1.855377400236E+04 -2.061132965881E-01
 62700 1.846178035110E+04 -2.061132965881E-01
 63000 1.836978669985E+04 -2.061132965881E-01
 63300 1.827779304859E+04 -2.061132965881E-01
 63600 1.818579939733E+04 -2.061132965881E-01
 63900 1.809380574607E+04 -2.061132965881E-01
 64200 1.800181209481E+04 -2.061132965881E-01
 64500 1.790981844355E+04 -2.061132965881E-01
 64800 1.781782479230E+04 -3.066455041950E-01
 65100 1.777232612197E+04 -3.066455041950E-01
 65400 1.772682745165E+04 -3.066455041950E-01
 65700 1.768132878132E+04 -3.066455041950E-01
 66000 1.763583011100E+04 -3.066455041950E-01
 66300 1.759033144067E+04 -3.066455041950E-01
 66600 1.754483277035E+04 -3.066455041950E-01
 66900 1.749933410002E+04 -3.066455041950E-01
 67200 1.745383542970E+04 -3.066455041950E-01
 67500 1.740833675937E+04 -3.066455041950E-01
 67800 1.736283808905E+04 -3.066455041950E-01
 68100 1.731733941872E+04 -3.066455041950E-01
 68400 1.727184074840E+04 -1.516622344161E-01
 68700 1.722915827597E+04 -1.516622344161E-01
 69000 1.718647580354E+04 -1.516622344161E-01
 69300 1.714379333112E+04 -1.516622344161E-01
 69600 1.710111085869E+04 -1.516622344161E-01
 69900 1.705842838626E+04 -1.516622344161E-01
 70200 1.701574591384E+04 -1.516622344161E-01
 70500 1.697306344141E+04 -1.516622344161E-01
 70800 1.693038096898E+04 -1.516622344161E-01
 71100 1.688769849656E+04 -1.516622344161E-01
 71400 1.684501602413E+04 -1.516622344161E-01
 71700 1.680233355170E+04 -1.516622344161E-01
 72000 1.675965107928E+04 -1.516622344161E-01
 72300 1.671680617757E+04 -1.422749080890E-01
 72600 1.667396127586E+04 -1.422749080890E-01
 72900 1.663111637414E+04 -1.422749080890E-01
 73200 1.658827147243E+04 -1.422749080890E-01
 73500 1.654542657072E+04 -1.422749080890E-01
 73800 1.650258166901E+04 -1.422749080890E-01
 74100 1.645973676730E+04 -1.422749080890E-01
 74400 1.641689186559E+04 -1.422749080890E-01
 74700 1.637404696388E+04 -1.422749080890E-01
 75000 1.633120206217E+04 -1.422749080890E-01
 75300 1.628835716046E+04 -1.422749080890E-01
 75600 1.624551225875E+04 -1.428163390366E-01
 75900 1.621309455640E+04 -1.428163390366E-01
 76200 1.618067685405E+04 -1.428163390366E-01
 76500 1.614825915170E+04 -1.428163390366E-01
 76800 1.611584144936E+04 -1.428163390366E-01
 77100 1.608342374701E+04 -1.428163390366E-01
 77400 1.605100604466E+04 -1.428163390366E-01
 77700 1.601858834232E+04 -1.428163390366E-01
 78000 1.598617063997E+04 -1.428163390366E-01
 78300 1.595375293762E+04 -1.428163390366E-01
 78600 1.592133523528E+04 -1.428163390366E-01
 78900 1.588891753293E+04 -1.428163390366E-01
 79200 1.585649983058E+04 -1.428163390366E-01
 79500 1.582080672660E+04 -1.080590078226E-01
 79800 1.578511362261E+04 -1.080590078226E-01
 80100 1.574942051862E+04 -1.080590078226E-01
 80400 1.571372741463E+04 -1.080590078226E-01
 80700 1.567803431064E+04 -1.080590078226E-01
 81000 1.564234120665E+04 -1.080590078226E-01
 81300 1.560664810266E+04 -1.080590078226E-01
 81600 1.557095499868E+04 -1.080590078226E-01
 81900 1.553526189469E+04 -1.080590078226E-01
 82200 1.549956879070E+04 -1.080590078226E-01
 82500 1.546387568671E+04 -1.080590078226E-01
 82800 1.542818258272E+04 -1.080590078226E-01
 83100 1.538222873290E+04 -1.189770132949E-01
 83400 1.533627488307E+04 -1.189770132949E-01
 83700 1.529032103324E+04 -1.189770132949E-01
 84000 1.524436718342E+04 -1.189770132949E-01
 84300 1.519841333359E+04 -1.189770132949E-01
 84600 1.515245948377E+04 -1.189770132949E-01
 84900 1.510650563394E+04 -1.189770132949E-01
 85200 1.506055178411E+04 -1.189770132949E-01
 85500 1.501459793429E+04 -1.189770132949E-01
 85800 1.496864408446E+04 -1.189770132949E-01
 86100 1.492269023464E+04 -1.189770132949E-01
 86400 1.487673638481E+04 -1.531794994199E-01
 86700 1.482905574497E+04 -1.531794994199E-01
 87000 1.478137510512E+04 -1.531794994199E-01
 87300 1.473369446528E+04 -1.531794994199E-01
 87600 1.468601382544E+04 -1.531794994199E-01
 87900 1.463833318559E+04 -1.531794994199E-01
 88200 1.459065254575E+04 -1.531794994199E-01
 88500 1.454297190591E+04 -1.531794994199E-01
 88800 1.449529126606E+04 -1.531794994199E-01
 89100 1.444761062622E+04 -1.531794994199E-01
 89400 1.439992998638E+04 -1.531794994199E-01
 89700 1.435224934653E+04 -1.531794994199E-01
 90000 1.430456870669E+04 -1.531794994199E-01
 90300 1.427121950073E+04 -1.589354661446E-01
 90600 1.423787029478E+04 -1.589354661446E-01
 90900 1.420452108883E+04 -1.589354661446E-01
 91200 1.417117188287E+04 -1.589354661446E-01
 91500 1.413782267692E+04 -1.589354661446E-01
 91800 1.410447347096E+04 -1.589354661446E-01
 92100 1.407112426501E+04 -1.589354661446E-01
 92400 1.403777505905E+04 -1.589354661446E-01
 92700 1.400442585310E+04 -1.589354661446E-01
 93000 1.397107664714E+04 -1.589354661446E-01
 93300 1.393772744119E+04 -1.589354661446E-01
 93600 1.390437823523E+04 -1.111640198489E-01
 93900 1.386766081775E+04 -1.111640198489E-01
 94200 1.383094340026E+04 -1.111640198489E-01
 94500 1.379422598277E+04 -1.111640198489E-01
 94800 1.375750856528E+04 -1.111640198489E-01
 95100 1.372079114779E+04 -1.111640198489E-01
 95400 1.368407373031E+04 -1.111640198489E-01
 95700 1.364735631282E+04 -1.111640198489E-01
 96000 1.361063889533E+04 -1.111640198489E-01
 96300 1.357392147784E+04 -1.111640198489E-01
 96600 1.353720406035E+04 -1.111640198489E-01
 96900 1.350048664287E+04 -1.111640198489E-01
 97200 1.346376922538E+04 -1.223913916265E-01
 97500 1.344730672080E+04 -1.223913916265E-01
 97800 1.343084421621E+04 -1.223913916265E-01
 98100 1.341438171163E+04 -1.223913916265E-01
 98400 1.339791920705E+04 -1.223913916265E-01
 98700 1.338145670247E+04 -1.223913916265E-01
 99000 1.336499419789E+04 -1.223913916265E-01
 99300 1.334853169331E+04 -1.223913916265E-01
 99600 1.333206918872E+04 -1.223913916265E-01
 99900 1.331560668414E+04 -1.223913916265E-01
100200 1.329914417956E+04 -1.223913916265E-01
100500 1.328268167498E+04 -1.223913916265E-01
100800 1.326621917040E+04 -1.223913916265E-01
101100 1.323544201721E+04 -5.487501527246E-02
101400 1.320466486403E+04 -5.487501527246E-02
101700 1.317388771084E+04 -5.487501527246E-02
102000 1.314311055765E+04 -5.487501527246E-02
102300 1.311233340447E+04 -5.487501527246E-02
102600 1.308155625128E+04 -5.487501527246E-02
102900 1.305077909809E+04 -5.487501527246E-02
103200 1.302000194491E+04 -5.487501527246E-02
103500 1.298922479172E+04 -5.487501527246E-02
103800 1.295844763854E+04 -5.487501527246E-02
104100 1.292767048535E+04 -5.487501527246E-02
104400 1.289689333216E+04 -1.025905106204E-01
104700 1.284973519080E+04 -1.025905106204E-01
105000 1.280257704944E+04 -1.025905106204E-01
105300 1.275541890807E+04 -1.025905106204E-01
105600 1.270826076671E+04 -1.025905106204E-01
105900 1.266110262535E+04 -1.025905106204E-01
106200 1.261394448399E+04 -1.025905106204E-01
106500 1.256678634262E+04 -1.025905106204E-01
106800 1.251962820126E+04 -1.025905106204E-01
107100 1.247247005990E+04 -1.025905106204E-01
107400 1.242531191853E+04 -1.025905106204E-01
107700 1.237815377717E+04 -1.025905106204E-01
108000 1.233099563581E+04 -1.571938045437E-01
108300 1.231790573845E+04 -1.571938045437E-01
108600 1.230481584109E+04 -1.571938045437E-01
108900 1.229172594373E+04 -1.571938045437E-01
109200 1.227863604637E+04 -1.571938045437E-01
109500 1.226554614901E+04 -1.571938045437E-01
109800 1.225245625165E+04 -1.571938045437E-01
110100 1.223936635429E+04 -1.571938045437E-01
110400 1.222627645694E+04 -1.571938045437E-01
110700 1.221318655958E+04 -1.571938045437E-01
111000 1.220009666222E+04 -1.571938045437E-01
111300 1.218700676486E+04 -1.571938045437E-01
111600 1.217391686750E+04 -1.571938045437E-01
111900 1.215213806847E+04 -4.363299119621E-02
112200 1.213035926944E+04 -4.363299119621E-02
112500 1.210858047041E+04 -4.363299119621E-02
112800 1.208680167138E+04 -4.363299119621E-02
113100 1.206502287235E+04 -4.363299119621E-02
113400 1.204324407332E+04 -4.363299119621E-02
113700 1.202146527429E+04 -4.363299119621E-02
114000 1.199968647526E+04 -4.363299119621E-02
114300 1.197790767623E+04 -4.363299119621E-02
114600 1.195612887720E+04 -4.363299119621E-02
114900 1.193435007817E+04 -4.363299119621E-02
115200 1.191257127914E+04 -7.259599676676E-02
115500 1.189091906367E+04 -7.259599676676E-02
115800 1.186926684820E+04 -7.259599676676E-02
116100 1.184761463273E+04 -7.259599676676E-02
116400 1.182596241726E+04 -7.259599676676E-02
116700 1.180431020179E+04 -7.259599676676E-02
117000 1.178265798632E+04 -7.259599676676E-02
117300 1.176100577085E+04 -7.259599676676E-02
117600 1.173935355538E+04 -7.259599676676E-02
117900 1.171770133991E+04 -7.259599676676E-02
118200 1.169604912444E+04 -7.259599676676E-02
118500 1.167439690897E+04 -7.259599676676E-02
118800 1.165274469350E+04 -7.259599676676E-02
119100 1.164901678301E+04 -7.217405156733E-02
119400 1.164528887253E+04 -7.217405156733E-02
119700 1.164156096204E+04 -7.217405156733E-02
120000 1.163783305156E+04 -7.217405156733E-02
120300 1.163410514107E+04 -7.217405156733E-02
120600 1.163037723059E+04 -7.217405156733E-02
120900 1.162664932010E+04 -7.217405156733E-02
121200 1.162292140961E+04 -7.217405156733E-02
121500 1.161919349913E+04 -7.217405156733E-02
121800 1.161546558864E+04 -7.217405156733E-02
122100 1.161173767816E+04 -7.217405156733E-02
122400 1.160800976767E+04 -7.217405156733E-02
122700 1.158695330474E+04 -1.242636828458E-02
123000 1.156589684180E+04 -1.242636828458E-02
123300 1.154484037887E+04 -1.242636828458E-02
123600 1.152378391593E+04 -1.242636828458E-02
123900 1.150272745300E+04 -1.242636828458E-02
124200 1.148167099006E+04 -1.242636828458E-02
124500 1.146061452713E+04 -1.242636828458E-02
124800 1.143955806419E+04 -1.242636828458E-02
125100 1.141850160126E+04 -1.242636828458E-02
125400 1.139744513832E+04 -1.242636828458E-02
125700 1.137638867539E+04 -1.242636828458E-02
126000 1.135533221245E+04 -7.018820978380E-02
126300 1.134963159254E+04 -7.018820978380E-02
126600 1.134393097262E+04 -7.018820978380E-02
126900 1.133823035271E+04 -7.018820978380E-02
127200 1.133252973280E+04 -7.018820978380E-02
127500 1.132682911288E+04 -7.018820978380E-02
127800 1.132112849297E+04 -7.018820978380E-02
128100 1.131542787305E+04 -7.018820978380E-02
128400 1.130972725314E+04 -7.018820978380E-02
128700 1.130402663322E+04 -7.018820978380E-02
129000 1.129832601331E+04 -7.018820978380E-02
129300 1.129262539340E+04 -7.018820978380E-02
129600 1.128692477348E+04 -7.018820978380E-02
129900 1.127193784284E+04 -1.900206638017E-02
130200 1.125695091219E+04 -1.900206638017E-02
130500 1.124196398154E+04 -1.900206638017E-02
130800 1.122697705090E+04 -1.900206638017E-02
131100 1.121199012025E+04 -1.900206638017E-02
131400 1.119700318960E+04 -1.900206638017E-02
131700 1.118201625896E+04 -1.900206638017E-02
132000 1.116702932831E+04 -1.900206638017E-02
132300 1.115204239766E+04 -1.900206638017E-02
132600 1.113705546701E+04 -1.900206638017E-02
132900 1.112206853637E+04 -1.900206638017E-02
133200 1.110708160572E+04 -1.900206638017E-02
133500 1.110624476840E+04 -4.995643548931E-02
133800 1.110540793108E+04 -4.995643548931E-02
134100 1.110457109376E+04 -4.995643548931E-02
134400 1.110373425644E+04 -4.995643548931E-02
134700 1.110289741912E+04 -4.995643548931E-02
135000 1.110206058180E+04 -4.995643548931E-02
135300 1.110122374448E+04 -4.995643548931E-02
135600 1.110038690717E+04 -4.995643548931E-02
135900 1.109955006985E+04 -4.995643548931E-02
136200 1.109871323253E+04 -4.995643548931E-02
136500 1.109787639521E+04 -4.995643548931E-02
136800 1.109703955789E+04 -2.789457731544E-03
137100 1.109515599122E+04 -2.789457731544E-03
137400 1.109327242456E+04 -2.789457731544E-03
137700 1.109138885789E+04 -2.789457731544E-03
138000 1.108950529122E+04 -2.789457731544E-03
138300 1.108762172456E+04 -2.789457731544E-03
138600 1.108573815789E+04 -2.789457731544E-03
138900 1.108385459123E+04 -2.789457731544E-03
139200 1.108197102456E+04 -2.789457731544E-03
139500 1.108008745790E+04 -2.789457731544E-03
139800 1.107820389123E+04 -2.789457731544E-03
140100 1.107632032456E+04 -2.789457731544E-03
140400 1.107443675790E+04 -2.789457731544E-03
140700 1.106673293409E+04 -6.278555552619E-03
141000 1.105902911027E+04 -6.278555552619E-03
141300 1.105132528646E+04 -6.278555552619E-03
141600 1.104362146265E+04 -6.278555552619E-03
141900 1.103591763883E+04 -6.278555552619E-03
142200 1.102821381502E+04 -6.278555552619E-03
142500 1.102050999121E+04 -6.278555552619E-03
142800 1.101280616740E+04 -6.278555552619E-03
143100 1.100510234358E+04 -6.278555552619E-03
143400 1.099739851977E+04 -6.278555552619E-03
143700 1.098969469596E+04 -6.278555552619E-03
144000 1.098199087215E+04 -6.278555552619E-03
144300 1.098910570533E+04 -2.567941270912E-02
144600 1.099622053852E+04 -2.567941270912E-02
144900 1.100333537171E+04 -2.567941270912E-02
145200 1.101045020490E+04 -2.567941270912E-02
145500 1.101756503809E+04 -2.567941270912E-02
145800 1.102467987128E+04 -2.567941270912E-02
146100 1.103179470446E+04 -2.567941270912E-02
146400 1.103890953765E+04 -2.567941270912E-02
146700 1.104602437084E+04 -2.567941270912E-02
147000 1.105313920403E+04 -2.567941270912E-02
147300 1.106025403722E+04 -2.567941270912E-02
147600 1.106736887041E+04  2.371611062823E-02
147900 1.105317181165E+04  2.371611062823E-02
148200 1.103897475289E+04  2.371611062823E-02
148500 1.102477769414E+04  2.371611062823E-02
148800 1.101058063538E+04  2.371611062823E-02
149100 1.099638357662E+04  2.371611062823E-02
149400 1.098218651786E+04  2.371611062823E-02
149700 1.096798945911E+04  2.371611062823E-02
150000 1.095379240035E+04  2.371611062823E-02
150300 1.093959534159E+04  2.371611062823E-02
150600 1.092539828283E+04  2.371611062823E-02
150900 1.091120122408E+04  2.371611062823E-02
151200 1.089700416532E+04  2.371611062823E-02
151500 1.089252450008E+04 -4.732352919090E-02
151800 1.088804483484E+04 -4.732352919090E-02
152100 1.088356516959E+04 -4.732352919090E-02
152400 1.087908550435E+04 -4.732352919090E-02
152700 1.087460583911E+04 -4.732352919090E-02
153000 1.087012617387E+04 -4.732352919090E-02
153300 1.086564650863E+04 -4.732352919090E-02
153600 1.086116684339E+04 -4.732352919090E-02
153900 1.085668717814E+04 -4.732352919090E-02
154200 1.085220751290E+04 -4.732352919090E-02
154500 1.084772784766E+04 -4.732352919090E-02
154800 1.084324818242E+04 -4.732352919090E-02
155100 1.084713320332E+04 -1.493221747241E-02
155400 1.085101822422E+04 -1.493221747241E-02
155700 1.085490324512E+04 -1.493221747241E-02
156000 1.085878826602E+04 -1.493221747241E-02
156300 1.086267328692E+04 -1.493221747241E-02
156600 1.086655830782E+04 -1.493221747241E-02
156900 1.087044332873E+04 -1.493221747241E-02
157200 1.087432834963E+04 -1.493221747241E-02
157500 1.087821337053E+04 -1.493221747241E-02
157800 1.088209839143E+04 -1.493221747241E-02
158100 1.088598341233E+04 -1.493221747241E-02
158400 1.088986843323E+04  1.295006966984E-02
158700 1.088187506292E+04  1.295006966984E-02
159000 1.087388169260E+04  1.295006966984E-02
159300 1.086588832229E+04  1.295006966984E-02
159600 1.085789495197E+04  1.295006966984E-02
159900 1.084990158166E+04  1.295006966984E-02
160200 1.084190821135E+04  1.295006966984E-02
160500 1.083391484103E+04  1.295006966984E-02
160800 1.082592147072E+04  1.295006966984E-02
161100 1.081792810040E+04  1.295006966984E-02
161400 1.080993473009E+04  1.295006966984E-02
161700 1.080194135977E+04  1.295006966984E-02
162000 1.079394798946E+04  1.295006966984E-02
162300 1.079366683017E+04 -2.664456771409E-02
162600 1.079338567088E+04 -2.664456771409E-02
162900 1.079310451160E+04 -2.664456771409E-02
163200 1.079282335231E+04 -2.664456771409E-02
163500 1.079254219302E+04 -2.664456771409E-02
163800 1.079226103373E+04 -2.664456771409E-02
164100 1.079197987444E+04 -2.664456771409E-02
164400 1.079169871516E+04 -2.664456771409E-02
164700 1.079141755587E+04 -2.664456771409E-02
165000 1.079113639658E+04 -2.664456771409E-02
165300 1.079085523729E+04 -2.664456771409E-02
165600 1.079057407800E+04 -2.664456771409E-02
165900 1.078727486683E+04 -9.371976263841E-04
166200 1.078397565565E+04 -9.371976263841E-04
166500 1.078067644447E+04 -9.371976263841E-04
166800 1.077737723329E+04 -9.371976263841E-04
167100 1.077407802211E+04 -9.371976263841E-04
167400 1.077077881093E+04 -9.371976263841E-04
167700 1.076747959976E+04 -9.371976263841E-04
168000 1.076418038858E+04 -9.371976263841E-04
168300 1.076088117740E+04 -9.371976263841E-04
168600 1.075758196622E+04 -9.371976263841E-04
168900 1.075428275504E+04 -9.371976263841E-04
169200 1.075098354386E+04 -1.099737059442E-02
169500 1.074210879786E+04 -1.099737059442E-02
169800 1.073323405186E+04 -1.099737059442E-02
170100 1.072435930585E+04 -1.099737059442E-02
170400 1.071548455985E+04 -1.099737059442E-02
170700 1.070660981385E+04 -1.099737059442E-02
171000 1.069773506784E+04 -1.099737059442E-02
171300 1.068886032184E+04 -1.099737059442E-02
171600 1.067998557584E+04 -1.099737059442E-02
171900 1.067111082983E+04 -1.099737059442E-02
172200 1.066223608383E+04 -1.099737059442E-02
172500 1.065336133783E+04 -1.099737059442E-02
172800 1.064448659182E+04 -1.099737059442E-02
173100 1.063398143561E+04 -2.958248667817E-02
173400 1.062347627940E+04 -2.958248667817E-02
173700 1.061297112318E+04 -2.958248667817E-02
174000 1.060246596697E+04 -2.958248667817E-02
174300 1.059196081075E+04 -2.958248667817E-02
174600 1.058145565454E+04 -2.958248667817E-02
174900 1.057095049832E+04 -2.958248667817E-02
175200 1.056044534211E+04 -2.958248667817E-02
175500 1.054994018590E+04 -2.958248667817E-02
175800 1.053943502968E+04 -2.958248667817E-02
176100 1.052892987347E+04 -2.958248667817E-02
176400 1.051842471725E+04 -3.501718738051E-02
176700 1.051522390284E+04 -3.501718738051E-02
177000 1.051202308843E+04 -3.501718738051E-02
177300 1.050882227402E+04 -3.501718738051E-02
177600 1.050562145960E+04 -3.501718738051E-02
177900 1.050242064519E+04 -3.501718738051E-02
178200 1.049921983078E+04 -3.501718738051E-02
178500 1.049601901637E+04 -3.501718738051E-02
178800 1.049281820195E+04 -3.501718738051E-02
179100 1.048961738754E+04 -3.501718738051E-02
179400 1.048641657313E+04 -3.501718738051E-02
179700 1.048321575872E+04 -3.501718738051E-02
180000 1.048001494430E+04 -1.066938137496E-02
180300 1.048976867152E+04 -1.066938137496E-02
180600 1.049952239874E+04 -1.066938137496E-02
180900 1.050927612596E+04 -1.066938137496E-02
181200 1.051902985318E+04 -1.066938137496E-02
181500 1.052878358040E+04 -1.066938137496E-02
181800 1.053853730762E+04 -1.066938137496E-02
182100 1.054829103484E+04 -1.066938137496E-02
182400 1.055804476206E+04 -1.066938137496E-02
182700 1.056779848927E+04 -1.066938137496E-02
183000 1.057755221649E+04 -1.066938137496E-02
183300 1.058730594371E+04 -1.066938137496E-02
183600 1.059705967093E+04  3.251242406311E-02
183900 1.059304586478E+04  3.251242406311E-02
184200 1.058903205863E+04  3.251242406311E-02
184500 1.058501825248E+04  3.251242406311E-02
184800 1.058100444633E+04  3.251242406311E-02
185100 1.057699064017E+04  3.251242406311E-02
185400 1.057297683402E+04  3.251242406311E-02
185700 1.056896302787E+04  3.251242406311E-02
186000 1.056494922172E+04  3.251242406311E-02
186300 1.056093541557E+04  3.251242406311E-02
186600 1.055692160942E+04  3.251242406311E-02
186900 1.055290780327E+04  3.251242406311E-02
187200 1.054889399711E+04 -1.337935383781E-02
187500 1.054979296631E+04 -1.337935383781E-02
187800 1.055069193551E+04 -1.337935383781E-02
188100 1.055159090471E+04 -1.337935383781E-02
188400 1.055248987391E+04 -1.337935383781E-02
188700 1.055338884311E+04 -1.337935383781E-02
189000 1.055428781231E+04 -1.337935383781E-02
189300 1.055518678150E+04 -1.337935383781E-02
189600 1.055608575070E+04 -1.337935383781E-02
189900 1.055698471990E+04 -1.337935383781E-02
190200 1.055788368910E+04 -1.337935383781E-02
190500 1.055878265830E+04 -1.337935383781E-02
190800 1.055968162750E+04  2.996563995067E-03
191100 1.055382020618E+04  2.996563995067E-03
191400 1.054795878486E+04  2.996563995067E-03
191700 1.054209736354E+04  2.996563995067E-03
192000 1.053623594222E+04  2.996563995067E-03
192300 1.053037452090E+04  2.996563995067E-03
192600 1.052451309959E+04  2.996563995067E-03
192900 1.051865167827E+04  2.996563995067E-03
193200 1.051279025695E+04  2.996563995067E-03
193500 1.050692883563E+04  2.996563995067E-03
193800 1.050106741431E+04  2.996563995067E-03
194100 1.049520599299E+04  2.996563995067E-03
194400 1.048934457168E+04 -1.953807106153E-02
194700 1.048837448359E+04 -1.953807106153E-02
195000 1.048740439551E+04 -1.953807106153E-02
195300 1.048643430743E+04 -1.953807106153E-02
195600 1.048546421934E+04 -1.953807106153E-02
195900 1.048449413126E+04 -1.953807106153E-02
196200 1.048352404318E+04 -1.953807106153E-02
196500 1.048255395510E+04 -1.953807106153E-02
196800 1.048158386701E+04 -1.953807106153E-02
197100 1.048061377893E+04 -1.953807106153E-02
197400 1.047964369085E+04 -1.953807106153E-02
197700 1.047867360276E+04 -1.953807106153E-02
198000 1.047770351468E+04 -3.233626942745E-03
198300 1.046776668777E+04 -3.233626942745E-03
198600 1.045782986087E+04 -3.233626942745E-03
198900 1.044789303396E+04 -3.233626942745E-03
199200 1.043795620705E+04 -3.233626942745E-03
199500 1.042801938014E+04 -3.233626942745E-03
199800 1.041808255324E+04 -3.233626942745E-03
200100 1.040814572633E+04 -3.233626942745E-03
200400 1.039820889942E+04 -3.233626942745E-03
200700 1.038827207251E+04 -3.233626942745E-03
201000 1.037833524561E+04 -3.233626942745E-03
201300 1.036839841870E+04 -3.233626942745E-03
201600 1.035846159179E+04 -3.312275635825E-02
201900 1.036200637063E+04 -3.312275635825E-02
202200 1.036555114947E+04 -3.312275635825E-02
202500 1.036909592831E+04 -3.312275635825E-02
202800 1.037264070715E+04 -3.312275635825E-02
203100 1.037618548599E+04 -3.312275635825E-02
203400 1.037973026482E+04 -3.312275635825E-02
203700 1.038327504366E+04 -3.312275635825E-02
204000 1.038681982250E+04 -3.312275635825E-02
204300 1.039036460134E+04 -3.312275635825E-02
204600 1.039390938018E+04 -3.312275635825E-02
204900 1.039745415902E+04 -3.312275635825E-02
205200 1.040099893786E+04  1.181592946275E-02
205500 1.040174608272E+04  1.181592946275E-02
205800 1.040249322758E+04  1.181592946275E-02
206100 1.040324037244E+04  1.181592946275E-02
206400 1.040398751730E+04  1.181592946275E-02
206700 1.040473466216E+04  1.181592946275E-02
207000 1.040548180702E+04  1.181592946275E-02
207300 1.040622895188E+04  1.181592946275E-02
207600 1.040697609674E+04  1.181592946275E-02
207900 1.040772324160E+04  1.181592946275E-02
208200 1.040847038646E+04  1.181592946275E-02
208500 1.040921753133E+04  1.181592946275E-02
208800 1.040996467619E+04  2.490482868975E-03
209100 1.041938950853E+04  2.490482868975E-03
209400 1.042881434087E+04  2.490482868975E-03
209700 1.043823917321E+04  2.490482868975E-03
210000 1.044766400555E+04  2.490482868975E-03
210300 1.045708883788E+04  2.490482868975E-03
210600 1.046651367022E+04  2.490482868975E-03
210900 1.047593850256E+04  2.490482868975E-03
211200 1.048536333490E+04  2.490482868975E-03
211500 1.049478816724E+04  2.490482868975E-03
211800 1.050421299958E+04  2.490482868975E-03
212100 1.051363783192E+04  2.490482868975E-03
212400 1.052306266426E+04  3.141610779914E-02
212700 1.053447185355E+04  3.141610779914E-02
213000 1.054588104283E+04  3.141610779914E-02
213300 1.055729023211E+04  3.141610779914E-02
213600 1.056869942139E+04  3.141610779914E-02
213900 1.058010861068E+04  3.141610779914E-02
214200 1.059151779996E+04  3.141610779914E-02
214500 1.060292698924E+04  3.141610779914E-02
214800 1.061433617852E+04  3.141610779914E-02
215100 1.062574536781E+04  3.141610779914E-02
215400 1.063715455709E+04  3.141610779914E-02
215700 1.064856374637E+04  3.141610779914E-02
216000 1.065997293566E+04  3.803063094224E-02
216300 1.065872853179E+04  3.803063094224E-02
216600 1.065748412793E+04  3.803063094224E-02
216900 1.065623972406E+04  3.803063094224E-02
217200 1.065499532020E+04  3.803063094224E-02
217500 1.065375091634E+04  3.803063094224E-02
217800 1.065250651247E+04  3.803063094224E-02
218100 1.065126210861E+04  3.803063094224E-02
218400 1.065001770475E+04  3.803063094224E-02
218700 1.064877330088E+04  3.803063094224E-02
219000 1.064752889702E+04  3.803063094224E-02
219300 1.064628449316E+04  3.803063094224E-02
219600 1.064504008929E+04 -4.148012878525E-03
219900 1.062880831578E+04 -4.148012878525E-03
220200 1.061257654227E+04 -4.148012878525E-03
220500 1.059634476876E+04 -4.148012878525E-03
220800 1.058011299526E+04 -4.148012878525E-03
221100 1.056388122175E+04 -4.148012878525E-03
221400 1.054764944824E+04 -4.148012878525E-03
221700 1.053141767473E+04 -4.148012878525E-03
222000 1.051518590122E+04 -4.148012878525E-03
222300 1.049895412771E+04 -4.148012878525E-03
222600 1.048272235420E+04 -4.148012878525E-03
222900 1.046649058069E+04 -4.148012878525E-03
223200 1.045025880718E+04 -5.410591169748E-02
223500 1.044876730326E+04 -5.410591169748E-02
223800 1.044727579934E+04 -5.410591169748E-02
224100 1.044578429542E+04 -5.410591169748E-02
224400 1.044429279150E+04 -5.410591169748E-02
224700 1.044280128758E+04 -5.410591169748E-02
225000 1.044130978366E+04 -5.410591169748E-02
225300 1.043981827974E+04 -5.410591169748E-02
225600 1.043832677582E+04 -5.410591169748E-02
225900 1.043683527190E+04 -5.410591169748E-02
226200 1.043534376798E+04 -5.410591169748E-02
226500 1.043385226406E+04 -5.410591169748E-02
226800 1.043236076014E+04 -4.971679734153E-03
227100 1.042495387254E+04 -4.971679734153E-03
227400 1.041754698493E+04 -4.971679734153E-03
227700 1.041014009733E+04 -4.971679734153E-03
228000 1.040273320973E+04 -4.971679734153E-03
228300 1.039532632213E+04 -4.971679734153E-03
228600 1.038791943452E+04 -4.971679734153E-03
228900 1.038051254692E+04 -4.971679734153E-03
229200 1.037310565932E+04 -4.971679734153E-03
229500 1.036569877172E+04 -4.971679734153E-03
229800 1.035829188412E+04 -4.971679734153E-03
230100 1.035088499651E+04 -4.971679734153E-03
230400 1.034347810891E+04 -2.468962534104E-02
230700 1.035574028756E+04 -2.468962534104E-02
231000 1.036800246621E+04 -2.468962534104E-02
231300 1.038026464487E+04 -2.468962534104E-02
231600 1.039252682352E+04 -2.468962534104E-02
231900 1.040478900217E+04 -2.468962534104E-02
232200 1.041705118082E+04 -2.468962534104E-02
232500 1.042931335947E+04 -2.468962534104E-02
232800 1.044157553812E+04 -2.468962534104E-02
233100 1.045383771677E+04 -2.468962534104E-02
233400 1.046609989543E+04 -2.468962534104E-02
233700 1.047836207408E+04 -2.468962534104E-02
234000 1.049062425273E+04  4.087392883823E-02
234300 1.048263166746E+04  4.087392883823E-02
234600 1.047463908220E+04  4.087392883823E-02
234900 1.046664649693E+04  4.087392883823E-02
235200 1.045865391166E+04  4.087392883823E-02
235500 1.045066132640E+04  4.087392883823E-02
235800 1.044266874113E+04  4.087392883823E-02
236100 1.043467615587E+04  4.087392883823E-02
236400 1.042668357060E+04  4.087392883823E-02
236700 1.041869098533E+04  4.087392883823E-02
237000 1.041069840007E+04  4.087392883823E-02
237300 1.040270581480E+04  4.087392883823E-02
237600 1.039471322954E+04 -2.664195088695E-02
237900 1.040305300705E+04 -2.664195088695E-02
238200 1.041139278457E+04 -2.664195088695E-02
238500 1.041973256209E+04 -2.664195088695E-02
238800 1.042807233960E+04 -2.664195088695E-02
239100 1.043641211712E+04 -2.664195088695E-02
239400 1.044475189464E+04 -2.664195088695E-02
239700 1.045309167215E+04 -2.664195088695E-02
240000 1.046143144967E+04 -2.664195088695E-02
240300 1.046977122719E+04 -2.664195088695E-02
240600 1.047811100471E+04 -2.664195088695E-02
240900 1.048645078222E+04 -2.664195088695E-02
241200 1.049479055974E+04  2.779925838995E-02
241500 1.049283160719E+04  2.779925838995E-02
241800 1.049087265464E+04  2.779925838995E-02
242100 1.048891370209E+04  2.779925838995E-02
242400 1.048695474954E+04  2.779925838995E-02
242700 1.048499579698E+04  2.779925838995E-02
243000 1.048303684443E+04  2.779925838995E-02
243300 1.048107789188E+04  2.779925838995E-02
243600 1.047911893933E+04  2.779925838995E-02
243900 1.047715998678E+04  2.779925838995E-02
244200 1.047520103423E+04  2.779925838995E-02
244500 1.047324208168E+04  2.779925838995E-02
244800 1.047128312913E+04 -6.529841836772E-03
245100 1.047415084069E+04 -6.529841836772E-03
245400 1.047701855226E+04 -6.529841836772E-03
245700 1.047988626383E+04 -6.529841836772E-03
246000 1.048275397539E+04 -6.529841836772E-03
246300 1.048562168696E+04 -6.529841836772E-03
246600 1.048848939852E+04 -6.529841836772E-03
246900 1.049135711009E+04 -6.529841836772E-03
247200 1.049422482166E+04 -6.529841836772E-03
247500 1.049709253322E+04 -6.529841836772E-03
247800 1.049996024479E+04 -6.529841836772E-03
248100 1.050282795635E+04 -6.529841836772E-03
248400 1.050569566792E+04  9.559038553931E-03
248700 1.049857910409E+04  9.559038553931E-03
249000 1.049146254026E+04  9.559038553931E-03
249300 1.048434597643E+04  9.559038553931E-03
249600 1.047722941261E+04  9.559038553931E-03
249900 1.047011284878E+04  9.559038553931E-03
250200 1.046299628495E+04  9.559038553931E-03
250500 1.045587972112E+04  9.559038553931E-03
250800 1.044876315729E+04  9.559038553931E-03
251100 1.044164659346E+04  9.559038553931E-03
251400 1.043453002963E+04  9.559038553931E-03
251700 1.042741346580E+04  9.559038553931E-03
252000 1.042029690197E+04 -2.372187942968E-02
252300 1.040871405270E+04 -2.372187942968E-02
252600 1.039713120343E+04 -2.372187942968E-02
252900 1.038554835416E+04 -2.372187942968E-02
253200 1.037396550489E+04 -2.372187942968E-02
253500 1.036238265562E+04 -2.372187942968E-02
253800 1.035079980635E+04 -2.372187942968E-02
254100 1.033921695708E+04 -2.372187942968E-02
254400 1.032763410781E+04 -2.372187942968E-02
254700 1.031605125854E+04 -2.372187942968E-02
255000 1.030446840927E+04 -2.372187942968E-02
255300 1.029288556000E+04 -2.372187942968E-02
255600 1.028130271073E+04 -3.860949756794E-02
255900 1.027615387538E+04 -3.860949756794E-02
256200 1.027100504004E+04 -3.860949756794E-02
256500 1.026585620469E+04 -3.860949756794E-02
256800 1.026070736934E+04 -3.860949756794E-02
257100 1.025555853400E+04 -3.860949756794E-02
257400 1.025040969865E+04 -3.860949756794E-02
257700 1.024526086331E+04 -3.860949756794E-02
258000 1.024011202796E+04 -3.860949756794E-02
258300 1.023496319261E+04 -3.860949756794E-02
258600 1.022981435727E+04 -3.860949756794E-02
258900 1.022466552192E+04 -3.860949756794E-02
259200 1.021951668657E+04 -1.716278448747E-02
259500 1.023025470977E+04 -1.716278448747E-02
259800 1.024099273296E+04 -1.716278448747E-02
260100 1.025173075615E+04 -1.716278448747E-02
260400 1.026246877934E+04 -1.716278448747E-02
260700 1.027320680253E+04 -1.716278448747E-02
261000 1.028394482572E+04 -1.716278448747E-02
261300 1.029468284891E+04 -1.716278448747E-02
261600 1.030542087210E+04 -1.716278448747E-02
261900 1.031615889529E+04 -1.716278448747E-02
262200 1.032689691848E+04 -1.716278448747E-02
262500 1.033763494167E+04 -1.716278448747E-02
262800 1.034837296486E+04  3.579341063545E-02
263100 1.035135926530E+04  3.579341063545E-02
263400 1.035434556574E+04  3.579341063545E-02
263700 1.035733186618E+04  3.579341063545E-02
264000 1.036031816662E+04  3.579341063545E-02
264300 1.036330446706E+04  3.579341063545E-02
264600 1.036629076750E+04  3.579341063545E-02
264900 1.036927706795E+04  3.579341063545E-02
265200 1.037226336839E+04  3.579341063545E-02
265500 1.037524966883E+04  3.579341063545E-02
265800 1.037823596927E+04  3.579341063545E-02
266100 1.038122226971E+04  3.579341063545E-02
266400 1.038420857015E+04  9.954334801322E-03
266700 1.038849620170E+04  9.954334801322E-03
267000 1.039278383326E+04  9.954334801322E-03
267300 1.039707146481E+04  9.954334801322E-03
267600 1.040135909637E+04  9.954334801322E-03
267900 1.040564672792E+04  9.954334801322E-03
268200 1.040993435948E+04  9.954334801322E-03
268500 1.041422199104E+04  9.954334801322E-03
268800 1.041850962259E+04  9.954334801322E-03
269100 1.042279725415E+04  9.954334801322E-03
269400 1.042708488570E+04  9.954334801322E-03
269700 1.043137251726E+04  9.954334801322E-03
270000 1.043566014881E+04  1.429210518493E-02
270300 1.043230774863E+04  1.429210518493E-02
270600 1.042895534844E+04  1.429210518493E-02
270900 1.042560294825E+04  1.429210518493E-02
271200 1.042225054806E+04  1.429210518493E-02
271500 1.041889814788E+04  1.429210518493E-02
271800 1.041554574769E+04  1.429210518493E-02
272100 1.041219334750E+04  1.429210518493E-02
272400 1.040884094732E+04  1.429210518493E-02
272700 1.040548854713E+04  1.429210518493E-02
273000 1.040213614694E+04  1.429210518493E-02
273300 1.039878374676E+04  1.429210518493E-02
273600 1.039543134657E+04 -1.117466728985E-02
273900 1.040001819446E+04 -1.117466728985E-02
274200 1.040460504235E+04 -1.117466728985E-02
274500 1.040919189025E+04 -1.117466728985E-02
274800 1.041377873814E+04 -1.117466728985E-02
275100 1.041836558603E+04 -1.117466728985E-02
275400 1.042295243392E+04 -1.117466728985E-02
275700 1.042753928181E+04 -1.117466728985E-02
276000 1.043212612971E+04 -1.117466728985E-02
276300 1.043671297760E+04 -1.117466728985E-02
276600 1.044129982549E+04 -1.117466728985E-02
276900 1.044588667338E+04 -1.117466728985E-02
277200 1.045047352127E+04  1.528949297348E-02
277500 1.044786331292E+04  1.528949297348E-02
277800 1.044525310457E+04  1.528949297348E-02
278100 1.044264289622E+04  1.528949297348E-02
278400 1.044003268787E+04  1.528949297348E-02
278700 1.043742247952E+04  1.528949297348E-02
279000 1.043481227117E+04  1.528949297348E-02
279300 1.043220206281E+04  1.528949297348E-02
279600 1.042959185446E+04  1.528949297348E-02
279900 1.042698164611E+04  1.528949297348E-02
280200 1.042437143776E+04  1.528949297348E-02
280500 1.042176122941E+04  1.528949297348E-02
280800 1.041915102106E+04 -8.700694504426E-03
281100 1.042863152094E+04 -8.700694504426E-03
281400 1.043811202082E+04 -8.700694504426E-03
281700 1.044759252070E+04 -8.700694504426E-03
282000 1.045707302058E+04 -8.700694504426E-03
282300 1.046655352046E+04 -8.700694504426E-03
282600 1.047603402034E+04 -8.700694504426E-03
282900 1.048551452022E+04 -8.700694504426E-03
283200 1.049499502010E+04 -8.700694504426E-03
283500 1.050447551998E+04 -8.700694504426E-03
283800 1.051395601986E+04 -8.700694504426E-03
284100 1.052343651974E+04 -8.700694504426E-03
284400 1.053291701962E+04  3.160166626844E-02
284700 1.052435257126E+04  3.160166626844E-02
285000 1.051578812289E+04  3.160166626844E-02
285300 1.050722367453E+04  3.160166626844E-02
285600 1.049865922617E+04  3.160166626844E-02
285900 1.049009477780E+04  3.160166626844E-02
286200 1.048153032944E+04  3.160166626844E-02
286500 1.047296588107E+04  3.160166626844E-02
286800 1.046440143271E+04  3.160166626844E-02
287100 1.045583698434E+04  3.160166626844E-02
287400 1.044727253598E+04  3.160166626844E-02
287700 1.043870808761E+04  3.160166626844E-02
288000 1.043014363925E+04 -2.854816121582E-02
288300 1.043605744997E+04 -2.854816121582E-02
288600 1.044197126069E+04 -2.854816121582E-02
288900 1.044788507141E+04 -2.854816121582E-02
289200 1.045379888214E+04 -2.854816121582E-02
289500 1.045971269286E+04 -2.854816121582E-02
289800 1.046562650358E+04 -2.854816121582E-02
290100 1.047154031430E+04 -2.854816121582E-02
290400 1.047745412503E+04 -2.854816121582E-02
290700 1.048336793575E+04 -2.854816121582E-02
291000 1.048928174647E+04 -2.854816121582E-02
291300 1.049519555719E+04 -2.854816121582E-02
291600 1.050110936791E+04  1.971270240751E-02
291900 1.050957374122E+04  1.971270240751E-02
292200 1.051803811452E+04  1.971270240751E-02
292500 1.052650248783E+04  1.971270240751E-02
292800 1.053496686113E+04  1.971270240751E-02
293100 1.054343123443E+04  1.971270240751E-02
293400 1.055189560774E+04  1.971270240751E-02
293700 1.056035998104E+04  1.971270240751E-02
294000 1.056882435435E+04  1.971270240751E-02
294300 1.057728872765E+04  1.971270240751E-02
294600 1.058575310095E+04  1.971270240751E-02
294900 1.059421747426E+04  1.971270240751E-02
295200 1.060268184756E+04  2.821457767997E-02
295500 1.060718940765E+04  2.821457767997E-02
295800 1.061169696773E+04  2.821457767997E-02
296100 1.061620452781E+04  2.821457767997E-02
296400 1.062071208790E+04  2.821457767997E-02
296700 1.062521964798E+04  2.821457767997E-02
297000 1.062972720806E+04  2.821457767997E-02
297300 1.063423476815E+04  2.821457767997E-02
297600 1.063874232823E+04  2.821457767997E-02
297900 1.064324988831E+04  2.821457767997E-02
298200 1.064775744840E+04  2.821457767997E-02
298500 1.065226500848E+04  2.821457767997E-02
298800 1.065677256856E+04  1.502520027771E-02
299100 1.065610427861E+04  1.502520027771E-02
299400 1.065543598866E+04  1.502520027771E-02
299700 1.065476769870E+04  1.502520027771E-02
300000 1.065409940875E+04  1.502520027771E-02
300300 1.065343111879E+04  1.502520027771E-02
300600 1.065276282884E+04  1.502520027771E-02
300900 1.065209453889E+04  1.502520027771E-02
301200 1.065142624893E+04  1.502520027771E-02
301500 1.065075795898E+04  1.502520027771E-02
301800 1.065008966903E+04  1.502520027771E-02
302100 1.064942137907E+04  1.502520027771E-02
302400 1.064875308912E+04 -2.227633178058E-03
302700 1.064525328523E+04 -2.227633178058E-03
303000 1.064175348135E+04 -2.227633178058E-03
303300 1.063825367746E+04 -2.227633178058E-03
303600 1.063475387357E+04 -2.227633178058E-03
303900 1.063125406968E+04 -2.227633178058E-03
304200 1.062775426579E+04 -2.227633178058E-03
304500 1.062425446191E+04 -2.227633178058E-03
304800 1.062075465802E+04 -2.227633178058E-03
305100 1.061725485413E+04 -2.227633178058E-03
305400 1.061375505024E+04 -2.227633178058E-03
305700 1.061025524635E+04 -2.227633178058E-03
306000 1.060675544247E+04 -1.166601295994E-02
306300 1.060275660476E+04 -1.166601295994E-02
306600 1.059875776706E+04 -1.166601295994E-02
306900 1.059475892936E+04 -1.166601295994E-02
307200 1.059076009166E+04 -1.166601295994E-02
307500 1.058676125396E+04 -1.166601295994E-02
307800 1.058276241626E+04 -1.166601295994E-02
308100 1.057876357855E+04 -1.166601295994E-02
308400 1.057476474085E+04 -1.166601295994E-02
308700 1.057076590315E+04 -1.166601295994E-02
309000 1.056676706545E+04 -1.166601295994E-02
309300 1.056276822775E+04 -1.166601295994E-02
309600 1.055876939005E+04 -1.332945900506E-02
309900 1.055096974882E+04 -1.332945900506E-02
310200 1.054317010760E+04 -1.332945900506E-02
310500 1.053537046637E+04 -1.332945900506E-02
310800 1.052757082515E+04 -1.332945900506E-02
311100 1.051977118392E+04 -1.332945900506E-02
311400 1.051197154270E+04 -1.332945900506E-02
311700 1.050417190148E+04 -1.332945900506E-02
312000 1.049637226025E+04 -1.332945900506E-02
312300 1.048857261903E+04 -1.332945900506E-02
312600 1.048077297780E+04 -1.332945900506E-02
312900 1.047297333658E+04 -1.332945900506E-02
313200 1.046517369535E+04 -2.599880408162E-02
313500 1.046589419068E+04 -2.599880408162E-02
313800 1.046661468600E+04 -2.599880408162E-02
314100 1.046733518133E+04 -2.599880408162E-02
314400 1.046805567665E+04 -2.599880408162E-02
314700 1.046877617197E+04 -2.599880408162E-02
315000 1.046949666730E+04 -2.599880408162E-02
315300 1.047021716262E+04 -2.599880408162E-02
315600 1.047093765795E+04 -2.599880408162E-02
315900 1.047165815327E+04 -2.599880408162E-02
316200 1.047237864859E+04 -2.599880408162E-02
316500 1.047309914392E+04 -2.599880408162E-02
316800 1.047381963924E+04  2.401651080442E-03
317100 1.048522066624E+04  2.401651080442E-03
317400 1.049662169324E+04  2.401651080442E-03
317700 1.050802272024E+04  2.401651080442E-03
318000 1.051942374724E+04  2.401651080442E-03
318300 1.053082477424E+04  2.401651080442E-03
318600 1.054222580123E+04  2.401651080442E-03
318900 1.055362682823E+04  2.401651080442E-03
319200 1.056502785523E+04  2.401651080442E-03
319500 1.057642888223E+04  2.401651080442E-03
319800 1.058782990923E+04  2.401651080442E-03
320100 1.059923093623E+04  2.401651080442E-03
320400 1.061063196323E+04  3.800342332857E-02
320700 1.059921787038E+04  3.800342332857E-02
321000 1.058780377754E+04  3.800342332857E-02
321300 1.057638968469E+04  3.800342332857E-02
321600 1.056497559185E+04  3.800342332857E-02
321900 1.055356149900E+04  3.800342332857E-02
322200 1.054214740616E+04  3.800342332857E-02
322500 1.053073331332E+04  3.800342332857E-02
322800 1.051931922047E+04  3.800342332857E-02
323100 1.050790512763E+04  3.800342332857E-02
323400 1.049649103478E+04  3.800342332857E-02
323700 1.048507694194E+04  3.800342332857E-02
324000 1.047366284909E+04 -3.804697614762E-02
324300 1.047807997719E+04 -3.804697614762E-02
324600 1.048249710529E+04 -3.804697614762E-02
324900 1.048691423339E+04 -3.804697614762E-02
325200 1.049133136148E+04 -3.804697614762E-02
325500 1.049574848958E+04 -3.804697614762E-02
325800 1.050016561768E+04 -3.804697614762E-02
326100 1.050458274578E+04 -3.804697614762E-02
326400 1.050899987387E+04 -3.804697614762E-02
326700 1.051341700197E+04 -3.804697614762E-02
327000 1.051783413007E+04 -3.804697614762E-02
327300 1.052225125816E+04 -3.804697614762E-02
327600 1.052666838626E+04  1.472376032443E-02
327900 1.052428313202E+04  1.472376032443E-02
328200 1.052189787777E+04  1.472376032443E-02
328500 1.051951262353E+04  1.472376032443E-02
328800 1.051712736928E+04  1.472376032443E-02
329100 1.051474211503E+04  1.472376032443E-02
329400 1.051235686079E+04  1.472376032443E-02
329700 1.050997160654E+04  1.472376032443E-02
330000 1.050758635230E+04  1.472376032443E-02
330300 1.050520109805E+04  1.472376032443E-02
330600 1.050281584381E+04  1.472376032443E-02
330900 1.050043058956E+04  1.472376032443E-02
331200 1.049804533532E+04 -7.950847485172E-03
331500 1.048667377706E+04 -7.950847485172E-03
331800 1.047530221881E+04 -7.950847485172E-03
332100 1.046393066056E+04 -7.950847485172E-03
332400 1.045255910231E+04 -7.950847485172E-03
332700 1.044118754405E+04 -7.950847485172E-03
333000 1.042981598580E+04 -7.950847485172E-03
333300 1.041844442755E+04 -7.950847485172E-03
333600 1.040707286930E+04 -7.950847485172E-03
333900 1.039570131104E+04 -7.950847485172E-03
334200 1.038432975279E+04 -7.950847485172E-03
334500 1.037295819454E+04 -7.950847485172E-03
334800 1.036158663629E+04 -3.790519417497E-02
335100 1.036114985381E+04 -3.790519417497E-02
335400 1.036071307134E+04 -3.790519417497E-02
335700 1.036027628887E+04 -3.790519417497E-02
336000 1.035983950640E+04 -3.790519417497E-02
336300 1.035940272393E+04 -3.790519417497E-02
336600 1.035896594146E+04 -3.790519417497E-02
336900 1.035852915899E+04 -3.790519417497E-02
337200 1.035809237652E+04 -3.790519417497E-02
337500 1.035765559405E+04 -3.790519417497E-02
337800 1.035721881158E+04 -3.790519417497E-02
338100 1.035678202910E+04 -3.790519417497E-02
338400 1.035634524663E+04 -1.455941570108E-03
338700 1.034523831417E+04 -1.455941570108E-03
339000 1.033413138172E+04 -1.455941570108E-03
339300 1.032302444926E+04 -1.455941570108E-03
339600 1.031191751680E+04 -1.455941570108E-03
339900 1.030081058434E+04 -1.455941570108E-03
340200 1.028970365188E+04 -1.455941570108E-03
340500 1.027859671942E+04 -1.455941570108E-03
340800 1.026748978696E+04 -1.455941570108E-03
341100 1.025638285451E+04 -1.455941570108E-03
341400 1.024527592205E+04 -1.455941570108E-03
341700 1.023416898959E+04 -1.455941570108E-03
342000 1.022306205713E+04 -3.702310819515E-02
342300 1.023054912226E+04 -3.702310819515E-02
342600 1.023803618738E+04 -3.702310819515E-02
342900 1.024552325251E+04 -3.702310819515E-02
343200 1.025301031763E+04 -3.702310819515E-02
343500 1.026049738276E+04 -3.702310819515E-02
343800 1.026798444788E+04 -3.702310819515E-02
344100 1.027547151301E+04 -3.702310819515E-02
344400 1.028295857813E+04 -3.702310819515E-02
344700 1.029044564326E+04 -3.702310819515E-02
345000 1.029793270838E+04 -3.702310819515E-02
345300 1.030541977350E+04 -3.702310819515E-02
345600 1.031290683863E+04  2.495688374979E-02
345900 1.031309002320E+04  2.495688374979E-02
346200 1.031327320777E+04  2.495688374979E-02
346500 1.031345639234E+04  2.495688374979E-02
346800 1.031363957691E+04  2.495688374979E-02
347100 1.031382276148E+04  2.495688374979E-02
347400 1.031400594605E+04  2.495688374979E-02
347700 1.031418913062E+04  2.495688374979E-02
348000 1.031437231519E+04  2.495688374979E-02
348300 1.031455549976E+04  2.495688374979E-02
348600 1.031473868433E+04  2.495688374979E-02
348900 1.031492186891E+04  2.495688374979E-02
349200 1.031510505348E+04  2.495688374979E-02
349500 1.031462799902E+04  6.106152349255E-04
349800 1.031415094456E+04  6.106152349255E-04
350100 1.031367389011E+04  6.106152349255E-04
350400 1.031319683565E+04  6.106152349255E-04
350700 1.031271978119E+04  6.106152349255E-04
351000 1.031224272673E+04  6.106152349255E-04
351300 1.031176567228E+04  6.106152349255E-04
351600 1.031128861782E+04  6.106152349255E-04
351900 1.031081156336E+04  6.106152349255E-04
352200 1.031033450891E+04  6.106152349255E-04
352500 1.030985745445E+04  6.106152349255E-04
352800 1.030938039999E+04 -1.590181522950E-03
353100 1.030409327852E+04 -1.590181522950E-03
353400 1.029880615704E+04 -1.590181522950E-03
353700 1.029351903556E+04 -1.590181522950E-03
354000 1.028823191409E+04 -1.590181522950E-03
354300 1.028294479261E+04 -1.590181522950E-03
354600 1.027765767113E+04 -1.590181522950E-03
354900 1.027237054966E+04 -1.590181522950E-03
355200 1.026708342818E+04 -1.590181522950E-03
355500 1.026179630671E+04 -1.590181522950E-03
355800 1.025650918523E+04 -1.590181522950E-03
356100 1.025122206375E+04 -1.590181522950E-03
356400 1.024593494228E+04 -1.762373825479E-02
356700 1.023441866847E+04 -1.762373825479E-02
357000 1.022290239466E+04 -1.762373825479E-02
357300 1.021138612086E+04 -1.762373825479E-02
357600 1.019986984705E+04 -1.762373825479E-02
357900 1.018835357325E+04 -1.762373825479E-02
358200 1.017683729944E+04 -1.762373825479E-02
358500 1.016532102564E+04 -1.762373825479E-02
358800 1.015380475183E+04 -1.762373825479E-02
359100 1.014228847803E+04 -1.762373825479E-02
359400 1.013077220422E+04 -1.762373825479E-02
359700 1.011925593041E+04 -1.762373825479E-02
360000 1.010773965661E+04 -1.762373825479E-02
360300 1.010807480161E+04 -3.838757935211E-02
360600 1.010840994661E+04 -3.838757935211E-02
360900 1.010874509161E+04 -3.838757935211E-02
361200 1.010908023661E+04 -3.838757935211E-02
361500 1.010941538161E+04 -3.838757935211E-02
361800 1.010975052662E+04 -3.838757935211E-02
362100 1.011008567162E+04 -3.838757935211E-02
362400 1.011042081662E+04 -3.838757935211E-02
362700 1.011075596162E+04 -3.838757935211E-02
363000 1.011109110662E+04 -3.838757935211E-02
363300 1.011142625162E+04 -3.838757935211E-02
363600 1.011176139662E+04  1.117150004397E-03
363900 1.011334274567E+04  1.117150004397E-03
364200 1.011492409472E+04  1.117150004397E-03
364500 1.011650544377E+04  1.117150004397E-03
364800 1.011808679282E+04  1.117150004397E-03
365100 1.011966814187E+04  1.117150004397E-03
365400 1.012124949091E+04  1.117150004397E-03
365700 1.012283083996E+04  1.117150004397E-03
366000 1.012441218901E+04  1.117150004397E-03
366300 1.012599353806E+04  1.117150004397E-03
366600 1.012757488711E+04  1.117150004397E-03
366900 1.012915623616E+04  1.117150004397E-03
367200 1.013073758520E+04  5.271163494452E-03
367500 1.013408065239E+04  5.271163494452E-03
367800 1.013742371958E+04  5.271163494452E-03
368100 1.014076678676E+04  5.271163494452E-03
368400 1.014410985395E+04  5.271163494452E-03
368700 1.014745292113E+04  5.271163494452E-03
369000 1.015079598832E+04  5.271163494452E-03
369300 1.015413905551E+04  5.271163494452E-03
369600 1.015748212269E+04  5.271163494452E-03
369900 1.016082518988E+04  5.271163494452E-03
370200 1.016416825706E+04  5.271163494452E-03
370500 1.016751132425E+04  5.271163494452E-03
370800 1.017085439144E+04  5.271163494452E-03
371100 1.018672280569E+04  1.114355728691E-02
371400 1.020259121995E+04  1.114355728691E-02
371700 1.021845963420E+04  1.114355728691E-02
372000 1.023432804846E+04  1.114355728691E-02
372300 1.025019646271E+04  1.114355728691E-02
372600 1.026606487697E+04  1.114355728691E-02
372900 1.028193329122E+04  1.114355728691E-02
373200 1.029780170548E+04  1.114355728691E-02
373500 1.031367011973E+04  1.114355728691E-02
373800 1.032953853399E+04  1.114355728691E-02
374100 1.034540694824E+04  1.114355728691E-02
374400 1.036127536250E+04  5.289471418342E-02
374700 1.036239929017E+04  5.289471418342E-02
375000 1.036352321784E+04  5.289471418342E-02
375300 1.036464714551E+04  5.289471418342E-02
375600 1.036577107318E+04  5.289471418342E-02
375900 1.036689500086E+04  5.289471418342E-02
376200 1.036801892853E+04  5.289471418342E-02
376500 1.036914285620E+04  5.289471418342E-02
376800 1.037026678387E+04  5.289471418342E-02
377100 1.037139071154E+04  5.289471418342E-02
377400 1.037251463921E+04  5.289471418342E-02
377700 1.037363856689E+04  5.289471418342E-02
378000 1.037476249456E+04  3.746425572493E-03
378300 1.037474614726E+04  3.746425572493E-03
378600 1.037472979997E+04  3.746425572493E-03
378900 1.037471345268E+04  3.746425572493E-03
379200 1.037469710539E+04  3.746425572493E-03
379500 1.037468075809E+04  3.746425572493E-03
379800 1.037466441080E+04  3.746425572493E-03
380100 1.037464806351E+04  3.746425572493E-03
380400 1.037463171621E+04  3.746425572493E-03
380700 1.037461536892E+04  3.746425572493E-03
381000 1.037459902163E+04  3.746425572493E-03
381300 1.037458267433E+04  3.746425572493E-03
381600 1.037456632704E+04  3.746425572493E-03
381900 1.036876941480E+04 -5.449097747563E-05
382200 1.036297250256E+04 -5.449097747563E-05
382500 1.035717559033E+04 -5.449097747563E-05
382800 1.035137867809E+04 -5.449097747563E-05
383100 1.034558176585E+04 -5.449097747563E-05
383400 1.033978485361E+04 -5.449097747563E-05
383700 1.033398794137E+04 -5.449097747563E-05
384000 1.032819102914E+04 -5.449097747563E-05
384300 1.032239411690E+04 -5.449097747563E-05
384600 1.031659720466E+04 -5.449097747563E-05
384900 1.031080029242E+04 -5.449097747563E-05
385200 1.030500338018E+04 -1.932304079296E-02
385500 1.031696704350E+04 -1.932304079296E-02
385800 1.032893070681E+04 -1.932304079296E-02
386100 1.034089437013E+04 -1.932304079296E-02
386400 1.035285803344E+04 -1.932304079296E-02
386700 1.036482169676E+04 -1.932304079296E-02
387000 1.037678536007E+04 -1.932304079296E-02
387300 1.038874902339E+04 -1.932304079296E-02
387600 1.040071268670E+04 -1.932304079296E-02
387900 1.041267635002E+04 -1.932304079296E-02
388200 1.042464001333E+04 -1.932304079296E-02
388500 1.043660367665E+04 -1.932304079296E-02
388800 1.044856733996E+04  3.987887771583E-02
389100 1.044461503857E+04  3.987887771583E-02
389400 1.044066273717E+04  3.987887771583E-02
389700 1.043671043578E+04  3.987887771583E-02
390000 1.043275813439E+04  3.987887771583E-02
390300 1.042880583299E+04  3.987887771583E-02
390600 1.042485353160E+04  3.987887771583E-02
390900 1.042090123020E+04  3.987887771583E-02
391200 1.041694892881E+04  3.987887771583E-02
391500 1.041299662742E+04  3.987887771583E-02
391800 1.040904432602E+04  3.987887771583E-02
392100 1.040509202463E+04  3.987887771583E-02
392400 1.040113972323E+04  3.987887771583E-02
392700 1.040901846870E+04 -1.317433797978E-02
393000 1.041689721417E+04 -1.317433797978E-02
393300 1.042477595964E+04 -1.317433797978E-02
393600 1.043265470510E+04 -1.317433797978E-02
393900 1.044053345057E+04 -1.317433797978E-02
394200 1.044841219604E+04 -1.317433797978E-02
394500 1.045629094151E+04 -1.317433797978E-02
394800 1.046416968697E+04 -1.317433797978E-02
395100 1.047204843244E+04 -1.317433797978E-02
395400 1.047992717791E+04 -1.317433797978E-02
395700 1.048780592338E+04 -1.317433797978E-02
396000 1.049568466884E+04  2.626248489161E-02
396300 1.049529819135E+04  2.626248489161E-02
396600 1.049491171386E+04  2.626248489161E-02
396900 1.049452523636E+04  2.626248489161E-02
397200 1.049413875887E+04  2.626248489161E-02
397500 1.049375228137E+04  2.626248489161E-02
397800 1.049336580388E+04  2.626248489161E-02
398100 1.049297932638E+04  2.626248489161E-02
398400 1.049259284889E+04  2.626248489161E-02
398700 1.049220637139E+04  2.626248489161E-02
399000 1.049181989390E+04  2.626248489161E-02
399300 1.049143341640E+04  2.626248489161E-02
399600 1.049104693891E+04 -1.288258314994E-03
399900 1.050160785150E+04 -1.288258314994E-03
400200 1.051216876409E+04 -1.288258314994E-03
400500 1.052272967668E+04 -1.288258314994E-03
400800 1.053329058927E+04 -1.288258314994E-03
401100 1.054385150186E+04 -1.288258314994E-03
401400 1.055441241445E+04 -1.288258314994E-03
401700 1.056497332704E+04 -1.288258314994E-03
402000 1.057553423963E+04 -1.288258314994E-03
402300 1.058609515222E+04 -1.288258314994E-03
402600 1.059665606481E+04 -1.288258314994E-03
402900 1.060721697740E+04 -1.288258314994E-03
403200 1.061777788999E+04 -1.288258314994E-03
403500 1.060759798689E+04  3.520304196724E-02
403800 1.059741808379E+04  3.520304196724E-02
404100 1.058723818069E+04  3.520304196724E-02
404400 1.057705827759E+04  3.520304196724E-02
404700 1.056687837449E+04  3.520304196724E-02
405000 1.055669847139E+04  3.520304196724E-02
405300 1.054651856828E+04  3.520304196724E-02
405600 1.053633866518E+04  3.520304196724E-02
405900 1.052615876208E+04  3.520304196724E-02
406200 1.051597885898E+04  3.520304196724E-02
406500 1.050579895588E+04  3.520304196724E-02
406800 1.049561905278E+04 -3.393301033709E-02
407100 1.049112348294E+04 -3.393301033709E-02
407400 1.048662791310E+04 -3.393301033709E-02
407700 1.048213234327E+04 -3.393301033709E-02
408000 1.047763677343E+04 -3.393301033709E-02
408300 1.047314120359E+04 -3.393301033709E-02
408600 1.046864563376E+04 -3.393301033709E-02
408900 1.046415006392E+04 -3.393301033709E-02
409200 1.045965449408E+04 -3.393301033709E-02
409500 1.045515892424E+04 -3.393301033709E-02
409800 1.045066335441E+04 -3.393301033709E-02
410100 1.044616778457E+04 -3.393301033709E-02
410400 1.044167221473E+04 -1.498523279097E-02
410700 1.042883708141E+04 -1.498523279097E-02
411000 1.041600194808E+04 -1.498523279097E-02
411300 1.040316681476E+04 -1.498523279097E-02
411600 1.039033168143E+04 -1.498523279097E-02
411900 1.037749654811E+04 -1.498523279097E-02
412200 1.036466141478E+04 -1.498523279097E-02
412500 1.035182628146E+04 -1.498523279097E-02
412800 1.033899114813E+04 -1.498523279097E-02
413100 1.032615601481E+04 -1.498523279097E-02
413400 1.031332088148E+04 -1.498523279097E-02
413700 1.030048574816E+04 -1.498523279097E-02
414000 1.028765061483E+04 -1.498523279097E-02
414300 1.030152049674E+04 -4.278377775027E-02
414600 1.031539037866E+04 -4.278377775027E-02
414900 1.032926026057E+04 -4.278377775027E-02
415200 1.034313014248E+04 -4.278377775027E-02
415500 1.035700002440E+04 -4.278377775027E-02
415800 1.037086990631E+04 -4.278377775027E-02
416100 1.038473978823E+04 -4.278377775027E-02
416400 1.039860967014E+04 -4.278377775027E-02
416700 1.041247955205E+04 -4.278377775027E-02
417000 1.042634943397E+04 -4.278377775027E-02
417300 1.044021931588E+04 -4.278377775027E-02
417600 1.045408919779E+04  4.623293971203E-02
417900 1.046775310591E+04  4.623293971203E-02
418200 1.048141701402E+04  4.623293971203E-02
418500 1.049508092214E+04  4.623293971203E-02
418800 1.050874483025E+04  4.623293971203E-02
419100 1.052240873837E+04  4.623293971203E-02
419400 1.053607264648E+04  4.623293971203E-02
419700 1.054973655460E+04  4.623293971203E-02
420000 1.056340046271E+04  4.623293971203E-02
420300 1.057706437083E+04  4.623293971203E-02
420600 1.059072827894E+04  4.623293971203E-02
420900 1.060439218706E+04  4.623293971203E-02
421200 1.061805609517E+04  4.554636038225E-02
421500 1.062737821519E+04  4.554636038225E-02
421800 1.063670033520E+04  4.554636038225E-02
422100 1.064602245522E+04  4.554636038225E-02
422400 1.065534457524E+04  4.554636038225E-02
422700 1.066466669525E+04  4.554636038225E-02
423000 1.067398881527E+04  4.554636038225E-02
423300 1.068331093529E+04  4.554636038225E-02
423600 1.069263305530E+04  4.554636038225E-02
423900 1.070195517532E+04  4.554636038225E-02
424200 1.071127729533E+04  4.554636038225E-02
424500 1.072059941535E+04  4.554636038225E-02
424800 1.072992153537E+04  4.554636038225E-02
425100 1.071828597241E+04  3.107373338829E-02
425400 1.070665040945E+04  3.107373338829E-02
425700 1.069501484649E+04  3.107373338829E-02
426000 1.068337928354E+04  3.107373338829E-02
426300 1.067174372058E+04  3.107373338829E-02
426600 1.066010815762E+04  3.107373338829E-02
426900 1.064847259466E+04  3.107373338829E-02
427200 1.063683703170E+04  3.107373338829E-02
427500 1.062520146875E+04  3.107373338829E-02
427800 1.061356590579E+04  3.107373338829E-02
428100 1.060193034283E+04  3.107373338829E-02
428400 1.059029477987E+04 -3.878520986015E-02
428700 1.059315292321E+04 -3.878520986015E-02
429000 1.059601106655E+04 -3.878520986015E-02
429300 1.059886920988E+04 -3.878520986015E-02
429600 1.060172735322E+04 -3.878520986015E-02
429900 1.060458549656E+04 -3.878520986015E-02
430200 1.060744363989E+04 -3.878520986015E-02
430500 1.061030178323E+04 -3.878520986015E-02
430800 1.061315992657E+04 -3.878520986015E-02
431100 1.061601806991E+04 -3.878520986015E-02
431400 1.061887621324E+04 -3.878520986015E-02
431700 1.062173435658E+04 -3.878520986015E-02
432000 1.062459249992E+04  9.527144457131E-03
432300 1.061888574284E+04  9.527144457131E-03
432600 1.061317898577E+04  9.527144457131E-03
432900 1.060747222870E+04  9.527144457131E-03
433200 1.060176547162E+04  9.527144457131E-03
433500 1.059605871455E+04  9.527144457131E-03
433800 1.059035195747E+04  9.527144457131E-03
434100 1.058464520040E+04  9.527144457131E-03
434400 1.057893844333E+04  9.527144457131E-03
434700 1.057323168625E+04  9.527144457131E-03
435000 1.056752492918E+04  9.527144457131E-03
435300 1.056181817211E+04  9.527144457131E-03
435600 1.055611141503E+04  9.527144457131E-03
435900 1.056191310447E+04 -1.902252357896E-02
436200 1.056771479392E+04 -1.902252357896E-02
436500 1.057351648336E+04 -1.902252357896E-02
436800 1.057931817280E+04 -1.902252357896E-02
437100 1.058511986224E+04 -1.902252357896E-02
437400 1.059092155169E+04 -1.902252357896E-02
437700 1.059672324113E+04 -1.902252357896E-02
438000 1.060252493057E+04 -1.902252357896E-02
438300 1.060832662001E+04 -1.902252357896E-02
438600 1.061412830946E+04 -1.902252357896E-02
438900 1.061992999890E+04 -1.902252357896E-02
439200 1.062573168834E+04  1.933896480814E-02
439500 1.061757025652E+04  1.933896480814E-02
439800 1.060940882471E+04  1.933896480814E-02
440100 1.060124739289E+04  1.933896480814E-02
440400 1.059308596107E+04  1.933896480814E-02
440700 1.058492452926E+04  1.933896480814E-02
441000 1.057676309744E+04  1.933896480814E-02
441300 1.056860166562E+04  1.933896480814E-02
441600 1.056044023380E+04  1.933896480814E-02
441900 1.055227880199E+04  1.933896480814E-02
442200 1.054411737017E+04  1.933896480814E-02
442500 1.053595593835E+04  1.933896480814E-02
442800 1.052779450653E+04 -2.720477272438E-02
443100 1.053878170816E+04 -2.720477272438E-02
443400 1.054976890978E+04 -2.720477272438E-02
443700 1.056075611140E+04 -2.720477272438E-02
444000 1.057174331302E+04 -2.720477272438E-02
444300 1.058273051464E+04 -2.720477272438E-02
444600 1.059371771626E+04 -2.720477272438E-02
444900 1.060470491789E+04 -2.720477272438E-02
445200 1.061569211951E+04 -2.720477272438E-02
445500 1.062667932113E+04 -2.720477272438E-02
445800 1.063766652275E+04 -2.720477272438E-02
446100 1.064865372437E+04 -2.720477272438E-02
446400 1.065964092600E+04 -2.720477272438E-02
446700 1.065014534691E+04  3.662400540607E-02
447000 1.064064976783E+04  3.662400540607E-02
447300 1.063115418875E+04  3.662400540607E-02
447600 1.062165860967E+04  3.662400540607E-02
447900 1.061216303059E+04  3.662400540607E-02
448200 1.060266745151E+04  3.662400540607E-02
448500 1.059317187243E+04  3.662400540607E-02
448800 1.058367629334E+04  3.662400540607E-02
449100 1.057418071426E+04  3.662400540607E-02
449400 1.056468513518E+04  3.662400540607E-02
449700 1.055518955610E+04  3.662400540607E-02
450000 1.054569397702E+04 -3.165193027132E-02
450300 1.054909421283E+04 -3.165193027132E-02
450600 1.055249444864E+04 -3.165193027132E-02
450900 1.055589468445E+04 -3.165193027132E-02
451200 1.055929492026E+04 -3.165193027132E-02
451500 1.056269515606E+04 -3.165193027132E-02
451800 1.056609539187E+04 -3.165193027132E-02
452100 1.056949562768E+04 -3.165193027132E-02
452400 1.057289586349E+04 -3.165193027132E-02
452700 1.057629609930E+04 -3.165193027132E-02
453000 1.057969633511E+04 -3.165193027132E-02
453300 1.058309657092E+04 -3.165193027132E-02
453600 1.058649680673E+04  1.133411936337E-02
453900 1.056947814028E+04  1.133411936337E-02
454200 1.055245947382E+04  1.133411936337E-02
454500 1.053544080737E+04  1.133411936337E-02
454800 1.051842214092E+04  1.133411936337E-02
455100 1.050140347447E+04  1.133411936337E-02
455400 1.048438480802E+04  1.133411936337E-02
455700 1.046736614157E+04  1.133411936337E-02
456000 1.045034747512E+04  1.133411936337E-02
456300 1.043332880867E+04  1.133411936337E-02
456600 1.041631014222E+04  1.133411936337E-02
456900 1.039929147576E+04  1.133411936337E-02
457200 1.038227280931E+04  1.133411936337E-02
457500 1.037092181217E+04 -5.672888817075E-02
457800 1.035957081503E+04 -5.672888817075E-02
458100 1.034821981789E+04 -5.672888817075E-02
458400 1.033686882075E+04 -5.672888817075E-02
458700 1.032551782361E+04 -5.672888817075E-02
459000 1.031416682647E+04 -5.672888817075E-02
459300 1.030281582933E+04 -5.672888817075E-02
459600 1.029146483219E+04 -5.672888817075E-02
459900 1.028011383505E+04 -5.672888817075E-02
460200 1.026876283791E+04 -5.672888817075E-02
460500 1.025741184077E+04 -5.672888817075E-02
460800 1.024606084363E+04 -3.783665713273E-02
461100 1.024235201734E+04 -3.783665713273E-02
461400 1.023864319105E+04 -3.783665713273E-02
461700 1.023493436476E+04 -3.783665713273E-02
462000 1.023122553846E+04 -3.783665713273E-02
462300 1.022751671217E+04 -3.783665713273E-02
462600 1.022380788588E+04 -3.783665713273E-02
462900 1.022009905958E+04 -3.783665713273E-02
463200 1.021639023329E+04 -3.783665713273E-02
463500 1.021268140700E+04 -3.783665713273E-02
463800 1.020897258071E+04 -3.783665713273E-02
464100 1.020526375441E+04 -3.783665713273E-02
464400 1.020155492812E+04 -1.236275430988E-02
464700 1.020753615547E+04 -1.236275430988E-02
465000 1.021351738282E+04 -1.236275430988E-02
465300 1.021949861016E+04 -1.236275430988E-02
465600 1.022547983751E+04 -1.236275430988E-02
465900 1.023146106486E+04 -1.236275430988E-02
466200 1.023744229221E+04 -1.236275430988E-02
466500 1.024342351956E+04 -1.236275430988E-02
466800 1.024940474690E+04 -1.236275430988E-02
467100 1.025538597425E+04 -1.236275430988E-02
467400 1.026136720160E+04 -1.236275430988E-02
467700 1.026734842895E+04 -1.236275430988E-02
468000 1.027332965630E+04 -1.236275430988E-02
468300 1.027487042056E+04  1.993742449398E-02
468600 1.027641118482E+04  1.993742449398E-02
468900 1.027795194909E+04  1.993742449398E-02
469200 1.027949271335E+04  1.993742449398E-02
469500 1.028103347761E+04  1.993742449398E-02
469800 1.028257424187E+04  1.993742449398E-02
470100 1.028411500614E+04  1.993742449398E-02
470400 1.028565577040E+04  1.993742449398E-02
470700 1.028719653466E+04  1.993742449398E-02
471000 1.028873729893E+04  1.993742449398E-02
471300 1.029027806319E+04  1.993742449398E-02
471600 1.029181882745E+04  5.135880875906E-03
471900 1.028622819025E+04  5.135880875906E-03
472200 1.028063755306E+04  5.135880875906E-03
472500 1.027504691586E+04  5.135880875906E-03
472800 1.026945627866E+04  5.135880875906E-03
473100 1.026386564146E+04  5.135880875906E-03
473400 1.025827500427E+04  5.135880875906E-03
473700 1.025268436707E+04  5.135880875906E-03
474000 1.024709372987E+04  5.135880875906E-03
474300 1.024150309267E+04  5.135880875906E-03
474600 1.023591245548E+04  5.135880875906E-03
474900 1.023032181828E+04  5.135880875906E-03
475200 1.022473118108E+04 -1.863545732470E-02
475500 1.022417164949E+04 -1.863545732470E-02
475800 1.022361211790E+04 -1.863545732470E-02
476100 1.022305258631E+04 -1.863545732470E-02
476400 1.022249305472E+04 -1.863545732470E-02
476700 1.022193352313E+04 -1.863545732470E-02
477000 1.022137399154E+04 -1.863545732470E-02
477300 1.022081445995E+04 -1.863545732470E-02
477600 1.022025492836E+04 -1.863545732470E-02
477900 1.021969539677E+04 -1.863545732470E-02
478200 1.021913586518E+04 -1.863545732470E-02
478500 1.021857633359E+04 -1.863545732470E-02
478800 1.021801680200E+04 -1.863545732470E-02
479100 1.021985806646E+04 -1.865105301491E-03
479400 1.022169933093E+04 -1.865105301491E-03
479700 1.022354059540E+04 -1.865105301491E-03
480000 1.022538185986E+04 -1.865105301491E-03
480300 1.022722312433E+04 -1.865105301491E-03
480600 1.022906438880E+04 -1.865105301491E-03
480900 1.023090565326E+04 -1.865105301491E-03
481200 1.023274691773E+04 -1.865105301491E-03
481500 1.023458818220E+04 -1.865105301491E-03
481800 1.023642944666E+04 -1.865105301491E-03
482100 1.023827071113E+04 -1.865105301491E-03
482400 1.024011197560E+04  6.137548221995E-03
482700 1.023615102111E+04  6.137548221995E-03
483000 1.023219006663E+04  6.137548221995E-03
483300 1.022822911215E+04  6.137548221995E-03
483600 1.022426815766E+04  6.137548221995E-03
483900 1.022030720318E+04  6.137548221995E-03
484200 1.021634624870E+04  6.137548221995E-03
484500 1.021238529421E+04  6.137548221995E-03
484800 1.020842433973E+04  6.137548221995E-03
485100 1.020446338525E+04  6.137548221995E-03
485400 1.020050243076E+04  6.137548221995E-03
485700 1.019654147628E+04  6.137548221995E-03
486000 1.019258052180E+04 -1.320318161055E-02
486300 1.020441702405E+04 -1.320318161055E-02
486600 1.021625352630E+04 -1.320318161055E-02
486900 1.022809002855E+04 -1.320318161055E-02
487200 1.023992653079E+04 -1.320318161055E-02
487500 1.025176303304E+04 -1.320318161055E-02
487800 1.026359953529E+04 -1.320318161055E-02
488100 1.027543603754E+04 -1.320318161055E-02
488400 1.028727253979E+04 -1.320318161055E-02
488700 1.029910904204E+04 -1.320318161055E-02
489000 1.031094554429E+04 -1.320318161055E-02
489300 1.032278204654E+04 -1.320318161055E-02
489600 1.033461854879E+04 -1.320318161055E-02
489900 1.033716335116E+04  3.945500749717E-02
490200 1.033970815354E+04  3.945500749717E-02
490500 1.034225295592E+04  3.945500749717E-02
490800 1.034479775829E+04  3.945500749717E-02
491100 1.034734256067E+04  3.945500749717E-02
491400 1.034988736305E+04  3.945500749717E-02
491700 1.035243216542E+04  3.945500749717E-02
492000 1.035497696780E+04  3.945500749717E-02
492300 1.035752177017E+04  3.945500749717E-02
492600 1.036006657255E+04  3.945500749717E-02
492900 1.036261137493E+04  3.945500749717E-02
493200 1.036515617730E+04  8.482674587571E-03
493500 1.036237524789E+04  8.482674587571E-03
493800 1.035959431848E+04  8.482674587571E-03
494100 1.035681338907E+04  8.482674587571E-03
494400 1.035403245966E+04  8.482674587571E-03
494700 1.035125153025E+04  8.482674587571E-03
495000 1.034847060084E+04  8.482674587571E-03
495300 1.034568967143E+04  8.482674587571E-03
495600 1.034290874202E+04  8.482674587571E-03
495900 1.034012781261E+04  8.482674587571E-03
496200 1.033734688320E+04  8.482674587571E-03
496500 1.033456595379E+04  8.482674587571E-03
496800 1.033178502438E+04 -9.269764700922E-03
497100 1.033841964973E+04 -9.269764700922E-03
497400 1.034505427508E+04 -9.269764700922E-03
497700 1.035168890043E+04 -9.269764700922E-03
498000 1.035832352577E+04 -9.269764700922E-03
498300 1.036495815112E+04 -9.269764700922E-03
498600 1.037159277647E+04 -9.269764700922E-03
498900 1.037822740182E+04 -9.269764700922E-03
499200 1.038486202717E+04 -9.269764700922E-03
499500 1.039149665252E+04 -9.269764700922E-03
499800 1.039813127787E+04 -9.269764700922E-03
500100 1.040476590322E+04 -9.269764700922E-03
500400 1.041140052857E+04 -9.269764700922E-03
500700 1.040669648876E+04  2.211541782947E-02
501000 1.040199244896E+04  2.211541782947E-02
501300 1.039728840916E+04  2.211541782947E-02
501600 1.039258436936E+04  2.211541782947E-02
501900 1.038788032956E+04  2.211541782947E-02
502200 1.038317628975E+04  2.211541782947E-02
502500 1.037847224995E+04  2.211541782947E-02
502800 1.037376821015E+04  2.211541782947E-02
503100 1.036906417035E+04  2.211541782947E-02
503400 1.036436013055E+04  2.211541782947E-02
503700 1.035965609074E+04  2.211541782947E-02
504000 1.035495205094E+04 -1.568013267342E-02
504300 1.035062273163E+04 -1.568013267342E-02
504600 1.034629341231E+04 -1.568013267342E-02
504900 1.034196409300E+04 -1.568013267342E-02
505200 1.033763477368E+04 -1.568013267342E-02
505500 1.033330545437E+04 -1.568013267342E-02
505800 1.032897613505E+04 -1.568013267342E-02
506100 1.032464681574E+04 -1.568013267342E-02
506400 1.032031749642E+04 -1.568013267342E-02
506700 1.031598817711E+04 -1.568013267342E-02
507000 1.031165885779E+04 -1.568013267342E-02
507300 1.030732953848E+04 -1.568013267342E-02
507600 1.030300021916E+04 -1.443106438306E-02
507900 1.029876310229E+04 -1.443106438306E-02
508200 1.029452598542E+04 -1.443106438306E-02
508500 1.029028886855E+04 -1.443106438306E-02
508800 1.028605175168E+04 -1.443106438306E-02
509100 1.028181463481E+04 -1.443106438306E-02
509400 1.027757751794E+04 -1.443106438306E-02
509700 1.027334040108E+04 -1.443106438306E-02
510000 1.026910328421E+04 -1.443106438306E-02
510300 1.026486616734E+04 -1.443106438306E-02
510600 1.026062905047E+04 -1.443106438306E-02
510900 1.025639193360E+04 -1.443106438306E-02
511200 1.025215481673E+04 -1.443106438306E-02
511500 1.025598049428E+04 -1.412372289861E-02
511800 1.025980617184E+04 -1.412372289861E-02
512100 1.026363184939E+04 -1.412372289861E-02
512400 1.026745752694E+04 -1.412372289861E-02
512700 1.027128320450E+04 -1.412372289861E-02
513000 1.027510888205E+04 -1.412372289861E-02
513300 1.027893455961E+04 -1.412372289861E-02
513600 1.028276023716E+04 -1.412372289861E-02
513900 1.028658591471E+04 -1.412372289861E-02
514200 1.029041159227E+04 -1.412372289861E-02
514500 1.029423726982E+04 -1.412372289861E-02
514800 1.029806294738E+04  1.275225851377E-02
515100 1.028376851138E+04  1.275225851377E-02
515400 1.026947407539E+04  1.275225851377E-02
515700 1.025517963940E+04  1.275225851377E-02
516000 1.024088520340E+04  1.275225851377E-02
516300 1.022659076741E+04  1.275225851377E-02
516600 1.021229633142E+04  1.275225851377E-02
516900 1.019800189542E+04  1.275225851377E-02
517200 1.018370745943E+04  1.275225851377E-02
517500 1.016941302344E+04  1.275225851377E-02
517800 1.015511858744E+04  1.275225851377E-02
518100 1.014082415145E+04  1.275225851377E-02
518400 1.012652971545E+04 -4.764811997842E-02
518700 1.012972036606E+04 -4.764811997842E-02
519000 1.013291101667E+04 -4.764811997842E-02
519300 1.013610166727E+04 -4.764811997842E-02
519600 1.013929231788E+04 -4.764811997842E-02
519900 1.014248296849E+04 -4.764811997842E-02
520200 1.014567361909E+04 -4.764811997842E-02
520500 1.014886426970E+04 -4.764811997842E-02
520800 1.015205492031E+04 -4.764811997842E-02
521100 1.015524557092E+04 -4.764811997842E-02
521400 1.015843622152E+04 -4.764811997842E-02
521700 1.016162687213E+04 -4.764811997842E-02
522000 1.016481752274E+04 -4.764811997842E-02
522300 1.016840005169E+04  1.063550202251E-02
522600 1.017198258065E+04  1.063550202251E-02
522900 1.017556510961E+04  1.063550202251E-02
523200 1.017914763856E+04  1.063550202251E-02
523500 1.018273016752E+04  1.063550202251E-02
523800 1.018631269648E+04  1.063550202251E-02
524100 1.018989522543E+04  1.063550202251E-02
524400 1.019347775439E+04  1.063550202251E-02
524700 1.019706028335E+04  1.063550202251E-02
525000 1.020064281230E+04  1.063550202251E-02
525300 1.020422534126E+04  1.063550202251E-02
525600 1.020780787022E+04  1.194176318962E-02
525900 1.020669253518E+04  1.194176318962E-02
526200 1.020557720015E+04  1.194176318962E-02
526500 1.020446186512E+04  1.194176318962E-02
526800 1.020334653008E+04  1.194176318962E-02
527100 1.020223119505E+04  1.194176318962E-02
527400 1.020111586002E+04  1.194176318962E-02
527700 1.020000052498E+04  1.194176318962E-02
528000 1.019888518995E+04  1.194176318962E-02
528300 1.019776985491E+04  1.194176318962E-02
528600 1.019665451988E+04  1.194176318962E-02
528900 1.019553918485E+04  1.194176318962E-02
529200 1.019442384981E+04 -3.717783445677E-03
529500 1.019464283061E+04 -3.717783445677E-03
529800 1.019486181141E+04 -3.717783445677E-03
530100 1.019508079221E+04 -3.717783445677E-03
530400 1.019529977300E+04 -3.717783445677E-03
530700 1.019551875380E+04 -3.717783445677E-03
531000 1.019573773460E+04 -3.717783445677E-03
531300 1.019595671540E+04 -3.717783445677E-03
531600 1.019617569620E+04 -3.717783445677E-03
531900 1.019639467699E+04 -3.717783445677E-03
532200 1.019661365779E+04 -3.717783445677E-03
532500 1.019683263859E+04 -3.717783445677E-03
532800 1.019705161939E+04 -3.717783445677E-03
533100 1.020099221268E+04  7.299359925633E-04
533400 1.020493280598E+04  7.299359925633E-04
533700 1.020887339927E+04  7.299359925633E-04
534000 1.021281399257E+04  7.299359925633E-04
534300 1.021675458586E+04  7.299359925633E-04
534600 1.022069517916E+04  7.299359925633E-04
534900 1.022463577245E+04  7.299359925633E-04
535200 1.022857636575E+04  7.299359925633E-04
535500 1.023251695904E+04  7.299359925633E-04
535800 1.023645755234E+04  7.299359925633E-04
536100 1.024039814564E+04  7.299359925633E-04
536400 1.024433873893E+04  1.313531098436E-02
536700 1.024941935187E+04  1.313531098436E-02
537000 1.025449996481E+04  1.313531098436E-02
537300 1.025958057775E+04  1.313531098436E-02
537600 1.026466119069E+04  1.313531098436E-02
537900 1.026974180363E+04  1.313531098436E-02
538200 1.027482241656E+04  1.313531098436E-02
538500 1.027990302950E+04  1.313531098436E-02
538800 1.028498364244E+04  1.313531098436E-02
539100 1.029006425538E+04  1.313531098436E-02
539400 1.029514486832E+04  1.313531098436E-02
539700 1.030022548126E+04  1.313531098436E-02
540000 1.030530609420E+04  1.693537646297E-02
540300 1.030753975060E+04  1.693537646297E-02
540600 1.030977340701E+04  1.693537646297E-02
540900 1.031200706342E+04  1.693537646297E-02
541200 1.031424071982E+04  1.693537646297E-02
541500 1.031647437623E+04  1.693537646297E-02
541800 1.031870803264E+04  1.693537646297E-02
542100 1.032094168904E+04  1.693537646297E-02
542400 1.032317534545E+04  1.693537646297E-02
542700 1.032540900186E+04  1.693537646297E-02
543000 1.032764265826E+04  1.693537646297E-02
543300 1.032987631467E+04  1.693537646297E-02
543600 1.033210997108E+04  1.693537646297E-02
543900 1.033219296429E+04  7.445521355322E-03
544200 1.033227595750E+04  7.445521355322E-03
544500 1.033235895072E+04  7.445521355322E-03
544800 1.033244194393E+04  7.445521355322E-03
545100 1.033252493715E+04  7.445521355322E-03
545400 1.033260793036E+04  7.445521355322E-03
545700 1.033269092358E+04  7.445521355322E-03
546000 1.033277391679E+04  7.445521355322E-03
546300 1.033285691000E+04  7.445521355322E-03
546600 1.033293990322E+04  7.445521355322E-03
546900 1.033302289643E+04  7.445521355322E-03
547200 1.033310588965E+04  2.766440473614E-04
547500 1.034431325639E+04  2.766440473614E-04
547800 1.035552062314E+04  2.766440473614E-04
548100 1.036672798989E+04  2.766440473614E-04
548400 1.037793535664E+04  2.766440473614E-04
548700 1.038914272338E+04  2.766440473614E-04
549000 1.040035009013E+04  2.766440473614E-04
549300 1.041155745688E+04  2.766440473614E-04
549600 1.042276482363E+04  2.766440473614E-04
549900 1.043397219037E+04  2.766440473614E-04
550200 1.044517955712E+04  2.766440473614E-04
550500 1.045638692387E+04  2.766440473614E-04
550800 1.046759429061E+04  3.735788915779E-02
551100 1.046901386615E+04  3.735788915779E-02
551400 1.047043344168E+04  3.735788915779E-02
551700 1.047185301721E+04  3.735788915779E-02
552000 1.047327259274E+04  3.735788915779E-02
552300 1.047469216827E+04  3.735788915779E-02
552600 1.047611174380E+04  3.735788915779E-02
552900 1.047753131934E+04  3.735788915779E-02
553200 1.047895089487E+04  3.735788915779E-02
553500 1.048037047040E+04  3.735788915779E-02
553800 1.048179004593E+04  3.735788915779E-02
554100 1.048320962146E+04  3.735788915779E-02
554400 1.048462919699E+04  3.735788915779E-02
554700 1.049081913128E+04  4.731918438878E-03
555000 1.049700906556E+04  4.731918438878E-03
555300 1.050319899984E+04  4.731918438878E-03
555600 1.050938893413E+04  4.731918438878E-03
555900 1.051557886841E+04  4.731918438878E-03
556200 1.052176880269E+04  4.731918438878E-03
556500 1.052795873698E+04  4.731918438878E-03
556800 1.053414867126E+04  4.731918438878E-03
557100 1.054033860554E+04  4.731918438878E-03
557400 1.054652853983E+04  4.731918438878E-03
557700 1.055271847411E+04  4.731918438878E-03
558000 1.055890840839E+04  2.063311427759E-02
558300 1.055489251027E+04  2.063311427759E-02
558600 1.055087661214E+04  2.063311427759E-02
558900 1.054686071402E+04  2.063311427759E-02
559200 1.054284481589E+04  2.063311427759E-02
559500 1.053882891776E+04  2.063311427759E-02
559800 1.053481301964E+04  2.063311427759E-02
560100 1.053079712151E+04  2.063311427759E-02
560400 1.052678122339E+04  2.063311427759E-02
560700 1.052276532526E+04  2.063311427759E-02
561000 1.051874942714E+04  2.063311427759E-02
561300 1.051473352901E+04  2.063311427759E-02
561600 1.051071763088E+04 -1.338632708628E-02
561900 1.050584964107E+04 -1.338632708628E-02
562200 1.050098165126E+04 -1.338632708628E-02
562500 1.049611366144E+04 -1.338632708628E-02
562800 1.049124567163E+04 -1.338632708628E-02
563100 1.048637768182E+04 -1.338632708628E-02
563400 1.048150969200E+04 -1.338632708628E-02
563700 1.047664170219E+04 -1.338632708628E-02
564000 1.047177371238E+04 -1.338632708628E-02
564300 1.046690572256E+04 -1.338632708628E-02
564600 1.046203773275E+04 -1.338632708628E-02
564900 1.045716974294E+04 -1.338632708628E-02
565200 1.045230175312E+04 -1.338632708628E-02
565500 1.044873231810E+04 -1.622663271172E-02
565800 1.044516288308E+04 -1.622663271172E-02
566100 1.044159344806E+04 -1.622663271172E-02
566400 1.043802401304E+04 -1.622663271172E-02
566700 1.043445457802E+04 -1.622663271172E-02
567000 1.043088514300E+04 -1.622663271172E-02
567300 1.042731570798E+04 -1.622663271172E-02
567600 1.042374627295E+04 -1.622663271172E-02
567900 1.042017683793E+04 -1.622663271172E-02
568200 1.041660740291E+04 -1.622663271172E-02
568500 1.041303796789E+04 -1.622663271172E-02
568800 1.040946853287E+04 -1.189811673614E-02
569100 1.042230965682E+04 -1.189811673614E-02
569400 1.043515078077E+04 -1.189811673614E-02
569700 1.044799190472E+04 -1.189811673614E-02
570000 1.046083302867E+04 -1.189811673614E-02
570300 1.047367415262E+04 -1.189811673614E-02
570600 1.048651527657E+04 -1.189811673614E-02
570900 1.049935640052E+04 -1.189811673614E-02
571200 1.051219752447E+04 -1.189811673614E-02
571500 1.052503864842E+04 -1.189811673614E-02
571800 1.053787977237E+04 -1.189811673614E-02
572100 1.055072089632E+04 -1.189811673614E-02
572400 1.056356202027E+04  4.280374649926E-02
572700 1.057442455057E+04  4.280374649926E-02
573000 1.058528708086E+04  4.280374649926E-02
573300 1.059614961116E+04  4.280374649926E-02
573600 1.060701214146E+04  4.280374649926E-02
573900 1.061787467175E+04  4.280374649926E-02
574200 1.062873720205E+04  4.280374649926E-02
574500 1.063959973235E+04  4.280374649926E-02
574800 1.065046226264E+04  4.280374649926E-02
575100 1.066132479294E+04  4.280374649926E-02
575400 1.067218732324E+04  4.280374649926E-02
575700 1.068304985353E+04  4.280374649926E-02
576000 1.069391238383E+04  4.280374649926E-02
576300 1.069097541897E+04  3.620843432223E-02
576600 1.068803845411E+04  3.620843432223E-02
576900 1.068510148925E+04  3.620843432223E-02
577200 1.068216452439E+04  3.620843432223E-02
577500 1.067922755953E+04  3.620843432223E-02
577800 1.067629059468E+04  3.620843432223E-02
578100 1.067335362982E+04  3.620843432223E-02
578400 1.067041666496E+04  3.620843432223E-02
578700 1.066747970010E+04  3.620843432223E-02
579000 1.066454273524E+04  3.620843432223E-02
579300 1.066160577038E+04  3.620843432223E-02
579600 1.065866880552E+04 -9.789882862931E-03
579900 1.065264308785E+04 -9.789882862931E-03
580200 1.064661737018E+04 -9.789882862931E-03
580500 1.064059165251E+04 -9.789882862931E-03
580800 1.063456593484E+04 -9.789882862931E-03
581100 1.062854021717E+04 -9.789882862931E-03
581400 1.062251449950E+04 -9.789882862931E-03
581700 1.061648878183E+04 -9.789882862931E-03
582000 1.061046306416E+04 -9.789882862931E-03
582300 1.060443734649E+04 -9.789882862931E-03
582600 1.059841162881E+04 -9.789882862931E-03
582900 1.059238591114E+04 -9.789882862931E-03
583200 1.058636019347E+04 -2.008572556918E-02
583500 1.058620191514E+04 -2.008572556918E-02
583800 1.058604363680E+04 -2.008572556918E-02
584100 1.058588535846E+04 -2.008572556918E-02
584400 1.058572708013E+04 -2.008572556918E-02
584700 1.058556880179E+04 -2.008572556918E-02
585000 1.058541052345E+04 -2.008572556918E-02
585300 1.058525224512E+04 -2.008572556918E-02
585600 1.058509396678E+04 -2.008572556918E-02
585900 1.058493568845E+04 -2.008572556918E-02
586200 1.058477741011E+04 -2.008572556918E-02
586500 1.058461913177E+04 -2.008572556918E-02
586800 1.058446085344E+04 -2.008572556918E-02
587100 1.057635625279E+04 -5.275944547879E-04
587400 1.056825165215E+04 -5.275944547879E-04
587700 1.056014705150E+04 -5.275944547879E-04
588000 1.055204245086E+04 -5.275944547879E-04
588300 1.054393785021E+04 -5.275944547879E-04
588600 1.053583324957E+04 -5.275944547879E-04
588900 1.052772864892E+04 -5.275944547879E-04
589200 1.051962404828E+04 -5.275944547879E-04
589500 1.051151944763E+04 -5.275944547879E-04
589800 1.050341484699E+04 -5.275944547879E-04
590100 1.049531024634E+04 -5.275944547879E-04
590400 1.048720564570E+04 -2.701533548247E-02
590700 1.049228257083E+04 -2.701533548247E-02
591000 1.049735949596E+04 -2.701533548247E-02
591300 1.050243642108E+04 -2.701533548247E-02
591600 1.050751334621E+04 -2.701533548247E-02
591900 1.051259027134E+04 -2.701533548247E-02
592200 1.051766719647E+04 -2.701533548247E-02
592500 1.052274412160E+04 -2.701533548247E-02
592800 1.052782104672E+04 -2.701533548247E-02
593100 1.053289797185E+04 -2.701533548247E-02
593400 1.053797489698E+04 -2.701533548247E-02
593700 1.054305182211E+04 -2.701533548247E-02
594000 1.054812874724E+04  1.692308376059E-02
594300 1.054513340052E+04  1.692308376059E-02
594600 1.054213805380E+04  1.692308376059E-02
594900 1.053914270709E+04  1.692308376059E-02
595200 1.053614736037E+04  1.692308376059E-02
595500 1.053315201365E+04  1.692308376059E-02
595800 1.053015666694E+04  1.692308376059E-02
596100 1.052716132022E+04  1.692308376059E-02
596400 1.052416597351E+04  1.692308376059E-02
596700 1.052117062679E+04  1.692308376059E-02
597000 1.051817528007E+04  1.692308376059E-02
597300 1.051517993336E+04  1.692308376059E-02
597600 1.051218458664E+04  1.692308376059E-02
597900 1.050165411486E+04 -9.984489055014E-03
598200 1.049112364308E+04 -9.984489055014E-03
598500 1.048059317130E+04 -9.984489055014E-03
598800 1.047006269952E+04 -9.984489055014E-03
599100 1.045953222774E+04 -9.984489055014E-03
599400 1.044900175596E+04 -9.984489055014E-03
599700 1.043847128418E+04 -9.984489055014E-03
600000 1.042794081240E+04 -9.984489055014E-03
600300 1.041741034062E+04 -9.984489055014E-03
600600 1.040687986884E+04 -9.984489055014E-03
600900 1.039634939706E+04 -9.984489055014E-03
601200 1.038581892529E+04 -3.510157259828E-02
601500 1.038240142736E+04 -3.510157259828E-02
601800 1.037898392943E+04 -3.510157259828E-02
602100 1.037556643150E+04 -3.510157259828E-02
602400 1.037214893357E+04 -3.510157259828E-02
602700 1.036873143565E+04 -3.510157259828E-02
603000 1.036531393772E+04 -3.510157259828E-02
603300 1.036189643979E+04 -3.510157259828E-02
603600 1.035847894186E+04 -3.510157259828E-02
603900 1.035506144393E+04 -3.510157259828E-02
604200 1.035164394601E+04 -3.510157259828E-02
604500 1.034822644808E+04 -3.510157259828E-02
604800 1.034480895015E+04 -1.139165975986E-02
605100 1.035051679155E+04 -1.139165975986E-02
605400 1.035622463295E+04 -1.139165975986E-02
605700 1.036193247435E+04 -1.139165975986E-02
606000 1.036764031575E+04 -1.139165975986E-02
606300 1.037334815715E+04 -1.139165975986E-02
606600 1.037905599855E+04 -1.139165975986E-02
606900 1.038476383995E+04 -1.139165975986E-02
607200 1.039047168135E+04 -1.139165975986E-02
607500 1.039617952275E+04 -1.139165975986E-02
607800 1.040188736415E+04 -1.139165975986E-02
608100 1.040759520555E+04 -1.139165975986E-02
608400 1.041330304695E+04 -1.139165975986E-02
608700 1.040269092987E+04  1.902613800081E-02
609000 1.039207881278E+04  1.902613800081E-02
609300 1.038146669570E+04  1.902613800081E-02
609600 1.037085457861E+04  1.902613800081E-02
609900 1.036024246152E+04  1.902613800081E-02
610200 1.034963034444E+04  1.902613800081E-02
610500 1.033901822735E+04  1.902613800081E-02
610800 1.032840611027E+04  1.902613800081E-02
611100 1.031779399318E+04  1.902613800081E-02
611400 1.030718187610E+04  1.902613800081E-02
611700 1.029656975901E+04  1.902613800081E-02
612000 1.028595764193E+04 -3.537372361871E-02
612300 1.028118231837E+04 -3.537372361871E-02
612600 1.027640699482E+04 -3.537372361871E-02
612900 1.027163167127E+04 -3.537372361871E-02
613200 1.026685634772E+04 -3.537372361871E-02
613500 1.026208102417E+04 -3.537372361871E-02
613800 1.025730570062E+04 -3.537372361871E-02
614100 1.025253037707E+04 -3.537372361871E-02
614400 1.024775505352E+04 -3.537372361871E-02
614700 1.024297972997E+04 -3.537372361871E-02
615000 1.023820440642E+04 -3.537372361871E-02
615300 1.023342908287E+04 -3.537372361871E-02
615600 1.022865375932E+04 -1.591774516853E-02
615900 1.022706905931E+04 -1.591774516853E-02
616200 1.022548435931E+04 -1.591774516853E-02
616500 1.022389965931E+04 -1.591774516853E-02
616800 1.022231495930E+04 -1.591774516853E-02
617100 1.022073025930E+04 -1.591774516853E-02
617400 1.021914555929E+04 -1.591774516853E-02
617700 1.021756085929E+04 -1.591774516853E-02
618000 1.021597615929E+04 -1.591774516853E-02
618300 1.021439145928E+04 -1.591774516853E-02
618600 1.021280675928E+04 -1.591774516853E-02
618900 1.021122205927E+04 -1.591774516853E-02
619200 1.020963735927E+04 -1.591774516853E-02
619500 1.021698148638E+04 -5.282333347093E-03
619800 1.022432561349E+04 -5.282333347093E-03
620100 1.023166974060E+04 -5.282333347093E-03
620400 1.023901386771E+04 -5.282333347093E-03
620700 1.024635799482E+04 -5.282333347093E-03
621000 1.025370212193E+04 -5.282333347093E-03
621300 1.026104624904E+04 -5.282333347093E-03
621600 1.026839037615E+04 -5.282333347093E-03
621900 1.027573450326E+04 -5.282333347093E-03
622200 1.028307863037E+04 -5.282333347093E-03
622500 1.029042275748E+04 -5.282333347093E-03
622800 1.029776688459E+04  2.448042369892E-02
623100 1.030064407859E+04  2.448042369892E-02
623400 1.030352127260E+04  2.448042369892E-02
623700 1.030639846661E+04  2.448042369892E-02
624000 1.030927566061E+04  2.448042369892E-02
624300 1.031215285462E+04  2.448042369892E-02
624600 1.031503004863E+04  2.448042369892E-02
624900 1.031790724263E+04  2.448042369892E-02
625200 1.032078443664E+04  2.448042369892E-02
625500 1.032366163065E+04  2.448042369892E-02
625800 1.032653882465E+04  2.448042369892E-02
626100 1.032941601866E+04  2.448042369892E-02
626400 1.033229321267E+04  9.590646688874E-03
626700 1.033928198320E+04  9.590646688874E-03
627000 1.034627075373E+04  9.590646688874E-03
627300 1.035325952426E+04  9.590646688874E-03
627600 1.036024829479E+04  9.590646688874E-03
627900 1.036723706532E+04  9.590646688874E-03
628200 1.037422583586E+04  9.590646688874E-03
628500 1.038121460639E+04  9.590646688874E-03
628800 1.038820337692E+04  9.590646688874E-03
629100 1.039519214745E+04  9.590646688874E-03
629400 1.040218091798E+04  9.590646688874E-03
629700 1.040916968852E+04  9.590646688874E-03
630000 1.041615845905E+04  9.590646688874E-03
630300 1.040734512798E+04  2.329590177294E-02
630600 1.039853179692E+04  2.329590177294E-02
630900 1.038971846585E+04  2.329590177294E-02
631200 1.038090513478E+04  2.329590177294E-02
631500 1.037209180372E+04  2.329590177294E-02
631800 1.036327847265E+04  2.329590177294E-02
632100 1.035446514159E+04  2.329590177294E-02
632400 1.034565181052E+04  2.329590177294E-02
632700 1.033683847945E+04  2.329590177294E-02
633000 1.032802514839E+04  2.329590177294E-02
633300 1.031921181732E+04  2.329590177294E-02
633600 1.031039848625E+04 -2.937777022023E-02
633900 1.032056862447E+04 -2.937777022023E-02
634200 1.033073876268E+04 -2.937777022023E-02
634500 1.034090890089E+04 -2.937777022023E-02
634800 1.035107903910E+04 -2.937777022023E-02
635100 1.036124917731E+04 -2.937777022023E-02
635400 1.037141931552E+04 -2.937777022023E-02
635700 1.038158945373E+04 -2.937777022023E-02
636000 1.039175959194E+04 -2.937777022023E-02
636300 1.040192973016E+04 -2.937777022023E-02
636600 1.041209986837E+04 -2.937777022023E-02
636900 1.042227000658E+04 -2.937777022023E-02
637200 1.043244014479E+04  3.390046070404E-02
637500 1.044159861088E+04  3.390046070404E-02
637800 1.045075707697E+04  3.390046070404E-02
638100 1.045991554306E+04  3.390046070404E-02
638400 1.046907400915E+04  3.390046070404E-02
638700 1.047823247524E+04  3.390046070404E-02
639000 1.048739094133E+04  3.390046070404E-02
639300 1.049654940742E+04  3.390046070404E-02
639600 1.050570787351E+04  3.390046070404E-02
639900 1.051486633960E+04  3.390046070404E-02
640200 1.052402480569E+04  3.390046070404E-02
640500 1.053318327178E+04  3.390046070404E-02
640800 1.054234173787E+04  3.390046070404E-02
641100 1.054962098284E+04  3.052822029905E-02
641400 1.055690022781E+04  3.052822029905E-02
641700 1.056417947278E+04  3.052822029905E-02
642000 1.057145871775E+04  3.052822029905E-02
642300 1.057873796272E+04  3.052822029905E-02
642600 1.058601720768E+04  3.052822029905E-02
642900 1.059329645265E+04  3.052822029905E-02
643200 1.060057569762E+04  3.052822029905E-02
643500 1.060785494259E+04  3.052822029905E-02
643800 1.061513418756E+04  3.052822029905E-02
644100 1.062241343253E+04  3.052822029905E-02
644400 1.062969267750E+04  2.426414989933E-02
644700 1.063233525939E+04  2.426414989933E-02
645000 1.063497784128E+04  2.426414989933E-02
645300 1.063762042317E+04  2.426414989933E-02
645600 1.064026300505E+04  2.426414989933E-02
645900 1.064290558694E+04  2.426414989933E-02
646200 1.064554816883E+04  2.426414989933E-02
646500 1.064819075072E+04  2.426414989933E-02
646800 1.065083333261E+04  2.426414989933E-02
647100 1.065347591449E+04  2.426414989933E-02
647400 1.065611849638E+04  2.426414989933E-02
647700 1.065876107827E+04  2.426414989933E-02
648000 1.066140366016E+04  8.808606292453E-03
648300 1.066494800340E+04  8.808606292453E-03
648600 1.066849234665E+04  8.808606292453E-03
648900 1.067203668990E+04  8.808606292453E-03
649200 1.067558103315E+04  8.808606292453E-03
649500 1.067912537640E+04  8.808606292453E-03
649800 1.068266971964E+04  8.808606292453E-03
650100 1.068621406289E+04  8.808606292453E-03
650400 1.068975840614E+04  8.808606292453E-03
650700 1.069330274939E+04  8.808606292453E-03
651000 1.069684709264E+04  8.808606292453E-03
651300 1.070039143588E+04  8.808606292453E-03
651600 1.070393577913E+04  8.808606292453E-03
651900 1.069700653911E+04  1.181447749299E-02
652200 1.069007729909E+04  1.181447749299E-02
652500 1.068314805907E+04  1.181447749299E-02
652800 1.067621881905E+04  1.181447749299E-02
653100 1.066928957903E+04  1.181447749299E-02
653400 1.066236033901E+04  1.181447749299E-02
653700 1.065543109899E+04  1.181447749299E-02
654000 1.064850185897E+04  1.181447749299E-02
654300 1.064157261895E+04  1.181447749299E-02
654600 1.063464337893E+04  1.181447749299E-02
654900 1.062771413891E+04  1.181447749299E-02
655200 1.062078489889E+04 -2.309746673471E-02
