        2089
 28800 2.219290825424E+04  0.000000000000E+00
 29100 2.222311693229E+04  0.000000000000E+00
 29400 2.225332561033E+04  0.000000000000E+00
 29700 2.228353428838E+04  0.000000000000E+00
 30000 2.231374296642E+04  0.000000000000E+00
 30300 2.234395164447E+04  0.000000000000E+00
 30600 2.237416032251E+04  0.000000000000E+00
 30900 2.240436900055E+04  0.000000000000E+00
 31200 2.243457767860E+04  0.000000000000E+00
 31500 2.246478635664E+04  0.000000000000E+00
 31800 2.249499503469E+04  0.000000000000E+00
 32100 2.252520371273E+04  0.000000000000E+00
 32400 2.255541239077E+04 1.006955934806E-01
 32700 2.242670023962E+04 1.006955934806E-01
 33000 2.229798808846E+04 1.006955934806E-01
 33300 2.216927593730E+04 1.006955934806E-01
 33600 2.204056378614E+04 1.006955934806E-01
 33900 2.191185163498E+04 1.006955934806E-01
 34200 2.178313948382E+04 1.006955934806E-01
 34500 2.165442733266E+04 1.006955934806E-01
 34800 2.152571518150E+04 1.006955934806E-01
 35100 2.139700303035E+04 1.006955934806E-01
 35400 2.126829087919E+04 1.006955934806E-01
 35700 2.113957872803E+04 1.006955934806E-01
 36000 2.101086657687E+04 1.006955934806E-01
 36300 2.087149239177E+04 -4.290405038624E-01
 36600 2.073211820668E+04 -4.290405038624E-01
 36900 2.059274402158E+04 -4.290405038624E-01
 37200 2.045336983648E+04 -4.290405038624E-01
 37500 2.031399565139E+04 -4.290405038624E-01
 37800 2.017462146629E+04 -4.290405038624E-01
 38100 2.003524728120E+04 -4.290405038624E-01
 38400 1.989587309610E+04 -4.290405038624E-01
 38700 1.975649891100E+04 -4.290405038624E-01
 39000 1.961712472591E+04 -4.290405038624E-01
 39300 1.947775054081E+04 -4.290405038624E-01
 39600 1.933837635571E+04 -4.645806169875E-01
 39900 1.920839584137E+04 -4.645806169875E-01
 40200 1.907841532703E+04 -4.645806169875E-01
 40500 1.894843481269E+04 -4.645806169875E-01
 40800 1.881845429835E+04 -4.645806169875E-01
 41100 1.868847378401E+04 -4.645806169875E-01
 41400 1.855849326967E+04 -4.645806169875E-01
 41700 1.842851275532E+04 -4.645806169875E-01
 42000 1.829853224098E+04 -4.645806169875E-01
 42300 1.816855172664E+04 -4.645806169875E-01
 42600 1.803857121230E+04 -4.645806169875E-01
 42900 1.790859069796E+04 -4.645806169875E-01
 43200 1.777861018362E+04 -4.332683811381E-01
 43500 1.765999344578E+04 -4.332683811381E-01
 43800 1.754137670794E+04 -4.332683811381E-01
 44100 1.742275997009E+04 -4.332683811381E-01
 44400 1.730414323225E+04 -4.332683811381E-01
 44700 1.718552649441E+04 -4.332683811381E-01
 45000 1.706690975657E+04 -4.332683811381E-01
 45300 1.694829301873E+04 -4.332683811381E-01
 45600 1.682967628089E+04 -4.332683811381E-01
 45900 1.671105954305E+04 -4.332683811381E-01
 46200 1.659244280520E+04 -4.332683811381E-01
 46500 1.647382606736E+04 -4.332683811381E-01
 46800 1.635520932952E+04 -3.953891261376E-01
 47100 1.625436617602E+04 -3.953891261376E-01
 47400 1.615352302252E+04 -3.953891261376E-01
 47700 1.605267986902E+04 -3.953891261376E-01
 48000 1.595183671552E+04 -3.953891261376E-01
 48300 1.585099356202E+04 -3.953891261376E-01
 48600 1.575015040852E+04 -3.953891261376E-01
 48900 1.564930725502E+04 -3.953891261376E-01
 49200 1.554846410152E+04 -3.953891261376E-01
 49500 1.544762094802E+04 -3.953891261376E-01
 49800 1.534677779452E+04 -3.953891261376E-01
 50100 1.524593464102E+04 -3.953891261376E-01
 50400 1.514509148751E+04 -3.953891261376E-01
 50700 1.506033680507E+04 -3.361438450022E-01
 51000 1.497558212262E+04 -3.361438450022E-01
 51300 1.489082744017E+04 -3.361438450022E-01
 51600 1.480607275773E+04 -3.361438450022E-01
 51900 1.472131807528E+04 -3.361438450022E-01
 52200 1.463656339283E+04 -3.361438450022E-01
 52500 1.455180871038E+04 -3.361438450022E-01
 52800 1.446705402794E+04 -3.361438450022E-01
 53100 1.438229934549E+04 -3.361438450022E-01
 53400 1.429754466304E+04 -3.361438450022E-01
 53700 1.421278998059E+04 -3.361438450022E-01
 54000 1.412803529815E+04 -2.825156081575E-01
 54300 1.405209771169E+04 -2.825156081575E-01
 54600 1.397616012523E+04 -2.825156081575E-01
 54900 1.390022253877E+04 -2.825156081575E-01
 55200 1.382428495231E+04 -2.825156081575E-01
 55500 1.374834736585E+04 -2.825156081575E-01
 55800 1.367240977939E+04 -2.825156081575E-01
 56100 1.359647219293E+04 -2.825156081575E-01
 56400 1.352053460647E+04 -2.825156081575E-01
 56700 1.344459702001E+04 -2.825156081575E-01
 57000 1.336865943355E+04 -2.825156081575E-01
 57300 1.329272184709E+04 -2.825156081575E-01
 57600 1.321678426063E+04 -2.531252881998E-01
 57900 1.315502275840E+04 -2.531252881998E-01
 58200 1.309326125617E+04 -2.531252881998E-01
 58500 1.303149975394E+04 -2.531252881998E-01
 58800 1.296973825171E+04 -2.531252881998E-01
 59100 1.290797674948E+04 -2.531252881998E-01
 59400 1.284621524725E+04 -2.531252881998E-01
 59700 1.278445374501E+04 -2.531252881998E-01
 60000 1.272269224278E+04 -2.531252881998E-01
 60300 1.266093074055E+04 -2.531252881998E-01
 60600 1.259916923832E+04 -2.531252881998E-01
 60900 1.253740773609E+04 -2.531252881998E-01
 61200 1.247564623386E+04 -2.531252881998E-01
 61500 1.242134939888E+04 -2.058716741016E-01
 61800 1.236705256391E+04 -2.058716741016E-01
 62100 1.231275572893E+04 -2.058716741016E-01
 62400 1.225845889395E+04 -2.058716741016E-01
 62700 1.220416205897E+04 -2.058716741016E-01
 63000 1.214986522399E+04 -2.058716741016E-01
 63300 1.209556838902E+04 -2.058716741016E-01
 63600 1.204127155404E+04 -2.058716741016E-01
 63900 1.198697471906E+04 -2.058716741016E-01
 64200 1.193267788408E+04 -2.058716741016E-01
 64500 1.187838104910E+04 -2.058716741016E-01
 64800 1.182408421413E+04 -1.809894499268E-01
 65100 1.177460611809E+04 -1.809894499268E-01
 65400 1.172512802205E+04 -1.809894499268E-01
 65700 1.167564992601E+04 -1.809894499268E-01
 66000 1.162617182997E+04 -1.809894499268E-01
 66300 1.157669373394E+04 -1.809894499268E-01
 66600 1.152721563790E+04 -1.809894499268E-01
 66900 1.147773754186E+04 -1.809894499268E-01
 67200 1.142825944582E+04 -1.809894499268E-01
 67500 1.137878134979E+04 -1.809894499268E-01
 67800 1.132930325375E+04 -1.809894499268E-01
 68100 1.127982515771E+04 -1.809894499268E-01
 68400 1.123034706167E+04 -1.649269867928E-01
 68700 1.118764263832E+04 -1.649269867928E-01
 69000 1.114493821496E+04 -1.649269867928E-01
 69300 1.110223379161E+04 -1.649269867928E-01
 69600 1.105952936826E+04 -1.649269867928E-01
 69900 1.101682494490E+04 -1.649269867928E-01
 70200 1.097412052155E+04 -1.649269867928E-01
 70500 1.093141609819E+04 -1.649269867928E-01
 70800 1.088871167484E+04 -1.649269867928E-01
 71100 1.084600725149E+04 -1.649269867928E-01
 71400 1.080330282813E+04 -1.649269867928E-01
 71700 1.076059840478E+04 -1.649269867928E-01
 72000 1.071789398142E+04 -1.649269867928E-01
 72300 1.068053810648E+04 -1.423480778466E-01
 72600 1.064318223153E+04 -1.423480778466E-01
 72900 1.060582635658E+04 -1.423480778466E-01
 73200 1.056847048163E+04 -1.423480778466E-01
 73500 1.053111460668E+04 -1.423480778466E-01
 73800 1.049375873174E+04 -1.423480778466E-01
 74100 1.045640285679E+04 -1.423480778466E-01
 74400 1.041904698184E+04 -1.423480778466E-01
 74700 1.038169110689E+04 -1.423480778466E-01
 75000 1.034433523194E+04 -1.423480778466E-01
 75300 1.030697935700E+04 -1.423480778466E-01
 75600 1.026962348205E+04 -1.245195831600E-01
 75900 1.023749921575E+04 -1.245195831600E-01
 76200 1.020537494944E+04 -1.245195831600E-01
 76500 1.017325068314E+04 -1.245195831600E-01
 76800 1.014112641684E+04 -1.245195831600E-01
 77100 1.010900215054E+04 -1.245195831600E-01
 77400 1.007687788424E+04 -1.245195831600E-01
 77700 1.004475361794E+04 -1.245195831600E-01
 78000 1.001262935163E+04 -1.245195831600E-01
 78300 9.980505085333E+03 -1.245195831600E-01
 78600 9.948380819031E+03 -1.245195831600E-01
 78900 9.916256552730E+03 -1.245195831600E-01
 79200 9.884132286428E+03 -1.245195831600E-01
 79500 9.855012086945E+03 -1.070808876722E-01
 79800 9.825891887462E+03 -1.070808876722E-01
 80100 9.796771687979E+03 -1.070808876722E-01
 80400 9.767651488495E+03 -1.070808876722E-01
 80700 9.738531289012E+03 -1.070808876722E-01
 81000 9.709411089529E+03 -1.070808876722E-01
 81300 9.680290890046E+03 -1.070808876722E-01
 81600 9.651170690563E+03 -1.070808876722E-01
 81900 9.622050491079E+03 -1.070808876722E-01
 82200 9.592930291596E+03 -1.070808876722E-01
 82500 9.563810092113E+03 -1.070808876722E-01
 82800 9.534689892630E+03 -1.070808876722E-01
 83100 9.512175174284E+03 -9.706733161063E-02
 83400 9.489660455939E+03 -9.706733161063E-02
 83700 9.467145737593E+03 -9.706733161063E-02
 84000 9.444631019247E+03 -9.706733161063E-02
 84300 9.422116300902E+03 -9.706733161063E-02
 84600 9.399601582556E+03 -9.706733161063E-02
 84900 9.377086864211E+03 -9.706733161063E-02
 85200 9.354572145865E+03 -9.706733161063E-02
 85500 9.332057427519E+03 -9.706733161063E-02
 85800 9.309542709174E+03 -9.706733161063E-02
 86100 9.287027990828E+03 -9.706733161063E-02
 86400 9.264513272483E+03 -7.504906115201E-02
 86700 9.242925630993E+03 -7.504906115201E-02
 87000 9.221337989503E+03 -7.504906115201E-02
 87300 9.199750348013E+03 -7.504906115201E-02
 87600 9.178162706523E+03 -7.504906115201E-02
 87900 9.156575065033E+03 -7.504906115201E-02
 88200 9.134987423543E+03 -7.504906115201E-02
 88500 9.113399782053E+03 -7.504906115201E-02
 88800 9.091812140563E+03 -7.504906115201E-02
 89100 9.070224499073E+03 -7.504906115201E-02
 89400 9.048636857583E+03 -7.504906115201E-02
 89700 9.027049216093E+03 -7.504906115201E-02
 90000 9.005461574603E+03 -7.504906115201E-02
 90300 8.985385135960E+03 -7.195880496664E-02
 90600 8.965308697318E+03 -7.195880496664E-02
 90900 8.945232258676E+03 -7.195880496664E-02
 91200 8.925155820034E+03 -7.195880496664E-02
 91500 8.905079381392E+03 -7.195880496664E-02
 91800 8.885002942749E+03 -7.195880496664E-02
 92100 8.864926504107E+03 -7.195880496664E-02
 92400 8.844850065465E+03 -7.195880496664E-02
 92700 8.824773626823E+03 -7.195880496664E-02
 93000 8.804697188181E+03 -7.195880496664E-02
 93300 8.784620749538E+03 -7.195880496664E-02
 93600 8.764544310896E+03 -6.692146214067E-02
 93900 8.749192198530E+03 -6.692146214067E-02
 94200 8.733840086164E+03 -6.692146214067E-02
 94500 8.718487973798E+03 -6.692146214067E-02
 94800 8.703135861433E+03 -6.692146214067E-02
 95100 8.687783749067E+03 -6.692146214067E-02
 95400 8.672431636701E+03 -6.692146214067E-02
 95700 8.657079524335E+03 -6.692146214067E-02
 96000 8.641727411969E+03 -6.692146214067E-02
 96300 8.626375299603E+03 -6.692146214067E-02
 96600 8.611023187237E+03 -6.692146214067E-02
 96900 8.595671074871E+03 -6.692146214067E-02
 97200 8.580318962505E+03 -5.117370788646E-02
 97500 8.563656304090E+03 -5.117370788646E-02
 97800 8.546993645675E+03 -5.117370788646E-02
 98100 8.530330987260E+03 -5.117370788646E-02
 98400 8.513668328845E+03 -5.117370788646E-02
 98700 8.497005670430E+03 -5.117370788646E-02
 99000 8.480343012015E+03 -5.117370788646E-02
 99300 8.463680353600E+03 -5.117370788646E-02
 99600 8.447017695185E+03 -5.117370788646E-02
 99900 8.430355036769E+03 -5.117370788646E-02
100200 8.413692378354E+03 -5.117370788646E-02
100500 8.397029719939E+03 -5.117370788646E-02
100800 8.380367061524E+03 -5.117370788646E-02
101100 8.367252390218E+03 -5.554219471687E-02
101400 8.354137718911E+03 -5.554219471687E-02
101700 8.341023047605E+03 -5.554219471687E-02
102000 8.327908376299E+03 -5.554219471687E-02
102300 8.314793704992E+03 -5.554219471687E-02
102600 8.301679033686E+03 -5.554219471687E-02
102900 8.288564362379E+03 -5.554219471687E-02
103200 8.275449691073E+03 -5.554219471687E-02
103500 8.262335019767E+03 -5.554219471687E-02
103800 8.249220348460E+03 -5.554219471687E-02
104100 8.236105677154E+03 -5.554219471687E-02
104400 8.222991005847E+03 -4.371557102136E-02
104700 8.209150989715E+03 -4.371557102136E-02
105000 8.195310973583E+03 -4.371557102136E-02
105300 8.181470957450E+03 -4.371557102136E-02
105600 8.167630941318E+03 -4.371557102136E-02
105900 8.153790925185E+03 -4.371557102136E-02
106200 8.139950909053E+03 -4.371557102136E-02
106500 8.126110892920E+03 -4.371557102136E-02
106800 8.112270876788E+03 -4.371557102136E-02
107100 8.098430860656E+03 -4.371557102136E-02
107400 8.084590844523E+03 -4.371557102136E-02
107700 8.070750828391E+03 -4.371557102136E-02
108000 8.056910812258E+03 -4.613338710806E-02
108300 8.045156598502E+03 -4.613338710806E-02
108600 8.033402384746E+03 -4.613338710806E-02
108900 8.021648170990E+03 -4.613338710806E-02
109200 8.009893957234E+03 -4.613338710806E-02
109500 7.998139743478E+03 -4.613338710806E-02
109800 7.986385529722E+03 -4.613338710806E-02
110100 7.974631315966E+03 -4.613338710806E-02
110400 7.962877102209E+03 -4.613338710806E-02
110700 7.951122888453E+03 -4.613338710806E-02
111000 7.939368674697E+03 -4.613338710806E-02
111300 7.927614460941E+03 -4.613338710806E-02
111600 7.915860247185E+03 -4.613338710806E-02
111900 7.906747774479E+03 -3.918071252039E-02
112200 7.897635301773E+03 -3.918071252039E-02
112500 7.888522829067E+03 -3.918071252039E-02
112800 7.879410356361E+03 -3.918071252039E-02
113100 7.870297883655E+03 -3.918071252039E-02
113400 7.861185410949E+03 -3.918071252039E-02
113700 7.852072938243E+03 -3.918071252039E-02
114000 7.842960465537E+03 -3.918071252039E-02
114300 7.833847992832E+03 -3.918071252039E-02
114600 7.824735520126E+03 -3.918071252039E-02
114900 7.815623047420E+03 -3.918071252039E-02
115200 7.806510574714E+03 -3.037490901979E-02
115500 7.797738768882E+03 -3.037490901979E-02
115800 7.788966963050E+03 -3.037490901979E-02
116100 7.780195157218E+03 -3.037490901979E-02
116400 7.771423351386E+03 -3.037490901979E-02
116700 7.762651545554E+03 -3.037490901979E-02
117000 7.753879739722E+03 -3.037490901979E-02
117300 7.745107933890E+03 -3.037490901979E-02
117600 7.736336128058E+03 -3.037490901979E-02
117900 7.727564322226E+03 -3.037490901979E-02
118200 7.718792516394E+03 -3.037490901979E-02
118500 7.710020710562E+03 -3.037490901979E-02
118800 7.701248904730E+03 -3.037490901979E-02
119100 7.692991804422E+03 -2.923935277317E-02
119400 7.684734704114E+03 -2.923935277317E-02
119700 7.676477603806E+03 -2.923935277317E-02
120000 7.668220503498E+03 -2.923935277317E-02
120300 7.659963403190E+03 -2.923935277317E-02
120600 7.651706302882E+03 -2.923935277317E-02
120900 7.643449202574E+03 -2.923935277317E-02
121200 7.635192102266E+03 -2.923935277317E-02
121500 7.626935001958E+03 -2.923935277317E-02
121800 7.618677901650E+03 -2.923935277317E-02
122100 7.610420801342E+03 -2.923935277317E-02
122400 7.602163701034E+03 -2.923935277317E-02
122700 7.593201574430E+03 -2.752366769345E-02
123000 7.584239447826E+03 -2.752366769345E-02
123300 7.575277321222E+03 -2.752366769345E-02
123600 7.566315194618E+03 -2.752366769345E-02
123900 7.557353068014E+03 -2.752366769345E-02
124200 7.548390941410E+03 -2.752366769345E-02
124500 7.539428814806E+03 -2.752366769345E-02
124800 7.530466688202E+03 -2.752366769345E-02
125100 7.521504561598E+03 -2.752366769345E-02
125400 7.512542434994E+03 -2.752366769345E-02
125700 7.503580308390E+03 -2.752366769345E-02
126000 7.494618181786E+03 -2.987375534677E-02
126300 7.488104934431E+03 -2.987375534677E-02
126600 7.481591687076E+03 -2.987375534677E-02
126900 7.475078439721E+03 -2.987375534677E-02
127200 7.468565192366E+03 -2.987375534677E-02
127500 7.462051945011E+03 -2.987375534677E-02
127800 7.455538697656E+03 -2.987375534677E-02
128100 7.449025450302E+03 -2.987375534677E-02
128400 7.442512202947E+03 -2.987375534677E-02
128700 7.435998955592E+03 -2.987375534677E-02
129000 7.429485708237E+03 -2.987375534677E-02
129300 7.422972460882E+03 -2.987375534677E-02
129600 7.416459213527E+03 -2.987375534677E-02
129900 7.409716221365E+03 -2.171082451612E-02
130200 7.402973229202E+03 -2.171082451612E-02
130500 7.396230237040E+03 -2.171082451612E-02
130800 7.389487244877E+03 -2.171082451612E-02
131100 7.382744252715E+03 -2.171082451612E-02
131400 7.376001260552E+03 -2.171082451612E-02
131700 7.369258268389E+03 -2.171082451612E-02
132000 7.362515276227E+03 -2.171082451612E-02
132300 7.355772284064E+03 -2.171082451612E-02
132600 7.349029291902E+03 -2.171082451612E-02
132900 7.342286299739E+03 -2.171082451612E-02
133200 7.335543307577E+03 -2.171082451612E-02
133500 7.327296695922E+03 -2.247664054190E-02
133800 7.319050084268E+03 -2.247664054190E-02
134100 7.310803472613E+03 -2.247664054190E-02
134400 7.302556860958E+03 -2.247664054190E-02
134700 7.294310249304E+03 -2.247664054190E-02
135000 7.286063637649E+03 -2.247664054190E-02
135300 7.277817025995E+03 -2.247664054190E-02
135600 7.269570414340E+03 -2.247664054190E-02
135900 7.261323802686E+03 -2.247664054190E-02
136200 7.253077191031E+03 -2.247664054190E-02
136500 7.244830579377E+03 -2.247664054190E-02
136800 7.236583967722E+03 -2.748870551517E-02
137100 7.229827667195E+03 -2.748870551517E-02
137400 7.223071366668E+03 -2.748870551517E-02
137700 7.216315066141E+03 -2.748870551517E-02
138000 7.209558765614E+03 -2.748870551517E-02
138300 7.202802465087E+03 -2.748870551517E-02
138600 7.196046164560E+03 -2.748870551517E-02
138900 7.189289864033E+03 -2.748870551517E-02
139200 7.182533563506E+03 -2.748870551517E-02
139500 7.175777262979E+03 -2.748870551517E-02
139800 7.169020962452E+03 -2.748870551517E-02
140100 7.162264661925E+03 -2.748870551517E-02
140400 7.155508361398E+03 -2.748870551517E-02
140700 7.150660050491E+03 -2.252100175667E-02
141000 7.145811739585E+03 -2.252100175667E-02
141300 7.140963428678E+03 -2.252100175667E-02
141600 7.136115117771E+03 -2.252100175667E-02
141900 7.131266806865E+03 -2.252100175667E-02
142200 7.126418495958E+03 -2.252100175667E-02
142500 7.121570185052E+03 -2.252100175667E-02
142800 7.116721874145E+03 -2.252100175667E-02
143100 7.111873563238E+03 -2.252100175667E-02
143400 7.107025252332E+03 -2.252100175667E-02
143700 7.102176941425E+03 -2.252100175667E-02
144000 7.097328630518E+03 -2.252100175667E-02
144300 7.094305201247E+03 -1.616103635544E-02
144600 7.091281771975E+03 -1.616103635544E-02
144900 7.088258342703E+03 -1.616103635544E-02
145200 7.085234913432E+03 -1.616103635544E-02
145500 7.082211484160E+03 -1.616103635544E-02
145800 7.079188054888E+03 -1.616103635544E-02
146100 7.076164625617E+03 -1.616103635544E-02
146400 7.073141196345E+03 -1.616103635544E-02
146700 7.070117767073E+03 -1.616103635544E-02
147000 7.067094337801E+03 -1.616103635544E-02
147300 7.064070908530E+03 -1.616103635544E-02
147600 7.061047479258E+03  -1.007809757231E-02
147900 7.057378903439E+03  -1.007809757231E-02
148200 7.053710327621E+03  -1.007809757231E-02
148500 7.050041751802E+03  -1.007809757231E-02
148800 7.046373175983E+03  -1.007809757231E-02
149100 7.042704600164E+03  -1.007809757231E-02
149400 7.039036024345E+03  -1.007809757231E-02
149700 7.035367448527E+03  -1.007809757231E-02
150000 7.031698872708E+03  -1.007809757231E-02
150300 7.028030296889E+03  -1.007809757231E-02
150600 7.024361721070E+03  -1.007809757231E-02
150900 7.020693145251E+03  -1.007809757231E-02
151200 7.017024569433E+03  -1.007809757231E-02
151500 7.011160969503E+03 -1.222858606265E-02
151800 7.005297369573E+03 -1.222858606265E-02
152100 6.999433769643E+03 -1.222858606265E-02
152400 6.993570169713E+03 -1.222858606265E-02
152700 6.987706569783E+03 -1.222858606265E-02
153000 6.981842969854E+03 -1.222858606265E-02
153300 6.975979369924E+03 -1.222858606265E-02
153600 6.970115769994E+03 -1.222858606265E-02
153900 6.964252170064E+03 -1.222858606265E-02
154200 6.958388570134E+03 -1.222858606265E-02
154500 6.952524970205E+03 -1.222858606265E-02
154800 6.946661370275E+03 -1.222858606265E-02
155100 6.942324083567E+03 -1.954533309941E-02
155400 6.937986796859E+03 -1.954533309941E-02
155700 6.933649510151E+03 -1.954533309941E-02
156000 6.929312223443E+03 -1.954533309941E-02
156300 6.924974936735E+03 -1.954533309941E-02
156600 6.920637650027E+03 -1.954533309941E-02
156900 6.916300363319E+03 -1.954533309941E-02
157200 6.911963076611E+03 -1.954533309941E-02
157500 6.907625789904E+03 -1.954533309941E-02
157800 6.903288503196E+03 -1.954533309941E-02
158100 6.898951216488E+03 -1.954533309941E-02
158400 6.894613929780E+03  -1.445762235970E-02
158700 6.892271161261E+03  -1.445762235970E-02
159000 6.889928392743E+03  -1.445762235970E-02
159300 6.887585624224E+03  -1.445762235970E-02
159600 6.885242855705E+03  -1.445762235970E-02
159900 6.882900087187E+03  -1.445762235970E-02
160200 6.880557318668E+03  -1.445762235970E-02
160500 6.878214550149E+03  -1.445762235970E-02
160800 6.875871781631E+03  -1.445762235970E-02
161100 6.873529013112E+03  -1.445762235970E-02
161400 6.871186244593E+03  -1.445762235970E-02
161700 6.868843476075E+03  -1.445762235970E-02
162000 6.866500707556E+03  -1.445762235970E-02
162300 6.862233699314E+03 -7.809228395438E-03
162600 6.857966691072E+03 -7.809228395438E-03
162900 6.853699682829E+03 -7.809228395438E-03
163200 6.849432674587E+03 -7.809228395438E-03
163500 6.845165666345E+03 -7.809228395438E-03
163800 6.840898658102E+03 -7.809228395438E-03
164100 6.836631649860E+03 -7.809228395438E-03
164400 6.832364641617E+03 -7.809228395438E-03
164700 6.828097633375E+03 -7.809228395438E-03
165000 6.823830625133E+03 -7.809228395438E-03
165300 6.819563616890E+03 -7.809228395438E-03
165600 6.815296608648E+03 -7.809228395438E-03
165900 6.813366770288E+03 -1.422336080780E-02
166200 6.811436931928E+03 -1.422336080780E-02
166500 6.809507093569E+03 -1.422336080780E-02
166800 6.807577255209E+03 -1.422336080780E-02
167100 6.805647416849E+03 -1.422336080780E-02
167400 6.803717578489E+03 -1.422336080780E-02
167700 6.801787740129E+03 -1.422336080780E-02
168000 6.799857901769E+03 -1.422336080780E-02
168300 6.797928063409E+03 -1.422336080780E-02
168600 6.795998225050E+03 -1.422336080780E-02
168900 6.794068386690E+03 -1.422336080780E-02
169200 6.792138548330E+03 -6.432794532843E-03
169500 6.790880572291E+03 -6.432794532843E-03
169800 6.789622596253E+03 -6.432794532843E-03
170100 6.788364620215E+03 -6.432794532843E-03
170400 6.787106644176E+03 -6.432794532843E-03
170700 6.785848668138E+03 -6.432794532843E-03
171000 6.784590692099E+03 -6.432794532843E-03
171300 6.783332716061E+03 -6.432794532843E-03
171600 6.782074740023E+03 -6.432794532843E-03
171900 6.780816763984E+03 -6.432794532843E-03
172200 6.779558787946E+03 -6.432794532843E-03
172500 6.778300811907E+03 -6.432794532843E-03
172800 6.777042835869E+03 -6.432794532843E-03
173100 6.775327409953E+03 -4.193253461390E-03
173400 6.773611984038E+03 -4.193253461390E-03
173700 6.771896558122E+03 -4.193253461390E-03
174000 6.770181132207E+03 -4.193253461390E-03
174300 6.768465706291E+03 -4.193253461390E-03
174600 6.766750280375E+03 -4.193253461390E-03
174900 6.765034854460E+03 -4.193253461390E-03
175200 6.763319428544E+03 -4.193253461390E-03
175500 6.761604002629E+03 -4.193253461390E-03
175800 6.759888576713E+03 -4.193253461390E-03
176100 6.758173150798E+03 -4.193253461390E-03
176400 6.756457724882E+03 -5.718086385265E-03
176700 6.754572380732E+03 -5.718086385265E-03
177000 6.752687036582E+03 -5.718086385265E-03
177300 6.750801692432E+03 -5.718086385265E-03
177600 6.748916348283E+03 -5.718086385265E-03
177900 6.747031004133E+03 -5.718086385265E-03
178200 6.745145659983E+03 -5.718086385265E-03
178500 6.743260315833E+03 -5.718086385265E-03
178800 6.741374971683E+03 -5.718086385265E-03
179100 6.739489627534E+03 -5.718086385265E-03
179400 6.737604283384E+03 -5.718086385265E-03
179700 6.735718939234E+03 -5.718086385265E-03
180000 6.733833595084E+03 -6.284480499406E-03
180300 6.731245247254E+03 -6.284480499406E-03
180600 6.728656899425E+03 -6.284480499406E-03
180900 6.726068551595E+03 -6.284480499406E-03
181200 6.723480203766E+03 -6.284480499406E-03
181500 6.720891855936E+03 -6.284480499406E-03
181800 6.718303508106E+03 -6.284480499406E-03
182100 6.715715160277E+03 -6.284480499406E-03
182400 6.713126812447E+03 -6.284480499406E-03
182700 6.710538464618E+03 -6.284480499406E-03
183000 6.707950116788E+03 -6.284480499406E-03
183300 6.705361768958E+03 -6.284480499406E-03
183600 6.702773421129E+03  -8.627826098678E-03
183900 6.700748960743E+03  -8.627826098678E-03
184200 6.698724500357E+03  -8.627826098678E-03
184500 6.696700039971E+03  -8.627826098678E-03
184800 6.694675579585E+03  -8.627826098678E-03
185100 6.692651119199E+03  -8.627826098678E-03
185400 6.690626658814E+03  -8.627826098678E-03
185700 6.688602198428E+03  -8.627826098678E-03
186000 6.686577738042E+03  -8.627826098678E-03
186300 6.684553277656E+03  -8.627826098678E-03
186600 6.682528817270E+03  -8.627826098678E-03
186900 6.680504356884E+03  -8.627826098678E-03
187200 6.678479896498E+03 -6.748201286269E-03
187500 6.677688531547E+03 -6.748201286269E-03
187800 6.676897166596E+03 -6.748201286269E-03
188100 6.676105801644E+03 -6.748201286269E-03
188400 6.675314436693E+03 -6.748201286269E-03
188700 6.674523071742E+03 -6.748201286269E-03
189000 6.673731706791E+03 -6.748201286269E-03
189300 6.672940341839E+03 -6.748201286269E-03
189600 6.672148976888E+03 -6.748201286269E-03
189900 6.671357611937E+03 -6.748201286269E-03
190200 6.670566246986E+03 -6.748201286269E-03
190500 6.669774882034E+03 -6.748201286269E-03
190800 6.668983517083E+03  -2.637883170863E-03
191100 6.669642241450E+03  -2.637883170863E-03
191400 6.670300965817E+03  -2.637883170863E-03
191700 6.670959690184E+03  -2.637883170863E-03
192000 6.671618414550E+03  -2.637883170863E-03
192300 6.672277138917E+03  -2.637883170863E-03
192600 6.672935863284E+03  -2.637883170863E-03
192900 6.673594587651E+03  -2.637883170863E-03
193200 6.674253312018E+03  -2.637883170863E-03
193500 6.674912036385E+03  -2.637883170863E-03
193800 6.675570760751E+03  -2.637883170863E-03
194100 6.676229485118E+03  -2.637883170863E-03
194400 6.676888209485E+03 2.195747889448E-03
194700 6.675772796985E+03 2.195747889448E-03
195000 6.674657384485E+03 2.195747889448E-03
195300 6.673541971985E+03 2.195747889448E-03
195600 6.672426559486E+03 2.195747889448E-03
195900 6.671311146986E+03 2.195747889448E-03
196200 6.670195734486E+03 2.195747889448E-03
196500 6.669080321986E+03 2.195747889448E-03
196800 6.667964909486E+03 2.195747889448E-03
197100 6.666849496986E+03 2.195747889448E-03
197400 6.665734084486E+03 2.195747889448E-03
197700 6.664618671986E+03 2.195747889448E-03
198000 6.663503259486E+03 -3.718041666325E-03
198300 6.660982932429E+03 -3.718041666325E-03
198600 6.658462605372E+03 -3.718041666325E-03
198900 6.655942278314E+03 -3.718041666325E-03
199200 6.653421951257E+03 -3.718041666325E-03
199500 6.650901624200E+03 -3.718041666325E-03
199800 6.648381297142E+03 -3.718041666325E-03
200100 6.645860970085E+03 -3.718041666325E-03
200400 6.643340643028E+03 -3.718041666325E-03
200700 6.640820315970E+03 -3.718041666325E-03
201000 6.638299988913E+03 -3.718041666325E-03
201300 6.635779661856E+03 -3.718041666325E-03
201600 6.633259334798E+03 -8.401090191129E-03
201900 6.632817710225E+03 -8.401090191129E-03
202200 6.632376085652E+03 -8.401090191129E-03
202500 6.631934461079E+03 -8.401090191129E-03
202800 6.631492836506E+03 -8.401090191129E-03
203100 6.631051211932E+03 -8.401090191129E-03
203400 6.630609587359E+03 -8.401090191129E-03
203700 6.630167962786E+03 -8.401090191129E-03
204000 6.629726338213E+03 -8.401090191129E-03
204300 6.629284713640E+03 -8.401090191129E-03
204600 6.628843089066E+03 -8.401090191129E-03
204900 6.628401464493E+03 -8.401090191129E-03
205200 6.627959839920E+03  -1.472081910676E-03
205500 6.625936303667E+03  -1.472081910676E-03
205800 6.623912767414E+03  -1.472081910676E-03
206100 6.621889231162E+03  -1.472081910676E-03
206400 6.619865694909E+03  -1.472081910676E-03
206700 6.617842158656E+03  -1.472081910676E-03
207000 6.615818622403E+03  -1.472081910676E-03
207300 6.613795086151E+03  -1.472081910676E-03
207600 6.611771549898E+03  -1.472081910676E-03
207900 6.609748013645E+03  -1.472081910676E-03
208200 6.607724477392E+03  -1.472081910676E-03
208500 6.605700941139E+03  -1.472081910676E-03
208800 6.603677404887E+03  -6.745120842551E-03
209100 6.602457165016E+03  -6.745120842551E-03
209400 6.601236925144E+03  -6.745120842551E-03
209700 6.600016685273E+03  -6.745120842551E-03
210000 6.598796445402E+03  -6.745120842551E-03
210300 6.597576205531E+03  -6.745120842551E-03
210600 6.596355965660E+03  -6.745120842551E-03
210900 6.595135725789E+03  -6.745120842551E-03
211200 6.593915485918E+03  -6.745120842551E-03
211500 6.592695246047E+03  -6.745120842551E-03
211800 6.591475006175E+03  -6.745120842551E-03
212100 6.590254766304E+03  -6.745120842551E-03
212400 6.589034526433E+03  -4.067466237100E-03
212700 6.587896875855E+03  -4.067466237100E-03
213000 6.586759225277E+03  -4.067466237100E-03
213300 6.585621574699E+03  -4.067466237100E-03
213600 6.584483924121E+03  -4.067466237100E-03
213900 6.583346273543E+03  -4.067466237100E-03
214200 6.582208622965E+03  -4.067466237100E-03
214500 6.581070972387E+03  -4.067466237100E-03
214800 6.579933321809E+03  -4.067466237100E-03
215100 6.578795671231E+03  -4.067466237100E-03
215400 6.577658020653E+03  -4.067466237100E-03
215700 6.576520370075E+03  -4.067466237100E-03
216000 6.575382719497E+03  -3.792168593506E-03
216300 6.574290313875E+03  -3.792168593506E-03
216600 6.573197908254E+03  -3.792168593506E-03
216900 6.572105502632E+03  -3.792168593506E-03
217200 6.571013097011E+03  -3.792168593506E-03
217500 6.569920691389E+03  -3.792168593506E-03
217800 6.568828285768E+03  -3.792168593506E-03
218100 6.567735880146E+03  -3.792168593506E-03
218400 6.566643474525E+03  -3.792168593506E-03
218700 6.565551068904E+03  -3.792168593506E-03
219000 6.564458663282E+03  -3.792168593506E-03
219300 6.563366257661E+03  -3.792168593506E-03
219600 6.562273852039E+03 -3.641352071454E-03
219900 6.563911022394E+03 -3.641352071454E-03
220200 6.565548192748E+03 -3.641352071454E-03
220500 6.567185363103E+03 -3.641352071454E-03
220800 6.568822533457E+03 -3.641352071454E-03
221100 6.570459703811E+03 -3.641352071454E-03
221400 6.572096874166E+03 -3.641352071454E-03
221700 6.573734044520E+03 -3.641352071454E-03
222000 6.575371214875E+03 -3.641352071454E-03
222300 6.577008385229E+03 -3.641352071454E-03
222600 6.578645555583E+03 -3.641352071454E-03
222900 6.580282725938E+03 -3.641352071454E-03
223200 6.581919896292E+03 5.457234514691E-03
223500 6.579742199253E+03 5.457234514691E-03
223800 6.577564502213E+03 5.457234514691E-03
224100 6.575386805174E+03 5.457234514691E-03
224400 6.573209108134E+03 5.457234514691E-03
224700 6.571031411095E+03 5.457234514691E-03
225000 6.568853714056E+03 5.457234514691E-03
225300 6.566676017016E+03 5.457234514691E-03
225600 6.564498319977E+03 5.457234514691E-03
225900 6.562320622937E+03 5.457234514691E-03
226200 6.560142925898E+03 5.457234514691E-03
226500 6.557965228858E+03 5.457234514691E-03
226800 6.555787531819E+03 -7.258990131444E-03
227100 6.555661527059E+03 -7.258990131444E-03
227400 6.555535522299E+03 -7.258990131444E-03
227700 6.555409517539E+03 -7.258990131444E-03
228000 6.555283512780E+03 -7.258990131444E-03
228300 6.555157508020E+03 -7.258990131444E-03
228600 6.555031503260E+03 -7.258990131444E-03
228900 6.554905498500E+03 -7.258990131444E-03
229200 6.554779493740E+03 -7.258990131444E-03
229500 6.554653488980E+03 -7.258990131444E-03
229800 6.554527484220E+03 -7.258990131444E-03
230100 6.554401479461E+03 -7.258990131444E-03
230400 6.554275474701E+03 -4.200158661835E-04
230700 6.553623941283E+03 -4.200158661835E-04
231000 6.552972407865E+03 -4.200158661835E-04
231300 6.552320874447E+03 -4.200158661835E-04
231600 6.551669341029E+03 -4.200158661835E-04
231900 6.551017807611E+03 -4.200158661835E-04
232200 6.550366274193E+03 -4.200158661835E-04
232500 6.549714740775E+03 -4.200158661835E-04
232800 6.549063207357E+03 -4.200158661835E-04
233100 6.548411673940E+03 -4.200158661835E-04
233400 6.547760140522E+03 -4.200158661835E-04
233700 6.547108607104E+03 -4.200158661835E-04
234000 6.546457073686E+03  -2.171778059688E-03
234300 6.546301520409E+03  -2.171778059688E-03
234600 6.546145967133E+03  -2.171778059688E-03
234900 6.545990413856E+03  -2.171778059688E-03
235200 6.545834860579E+03  -2.171778059688E-03
235500 6.545679307302E+03  -2.171778059688E-03
235800 6.545523754026E+03  -2.171778059688E-03
236100 6.545368200749E+03  -2.171778059688E-03
236400 6.545212647472E+03  -2.171778059688E-03
236700 6.545057094196E+03  -2.171778059688E-03
237000 6.544901540919E+03  -2.171778059688E-03
237300 6.544745987642E+03  -2.171778059688E-03
237600 6.544590434366E+03 -5.185109222505E-04
237900 6.543068971299E+03 -5.185109222505E-04
238200 6.541547508233E+03 -5.185109222505E-04
238500 6.540026045166E+03 -5.185109222505E-04
238800 6.538504582100E+03 -5.185109222505E-04
239100 6.536983119033E+03 -5.185109222505E-04
239400 6.535461655967E+03 -5.185109222505E-04
239700 6.533940192900E+03 -5.185109222505E-04
240000 6.532418729834E+03 -5.185109222505E-04
240300 6.530897266767E+03 -5.185109222505E-04
240600 6.529375803701E+03 -5.185109222505E-04
240900 6.527854340635E+03 -5.185109222505E-04
241200 6.526332877568E+03  -5.071543554923E-03
241500 6.525437178850E+03  -5.071543554923E-03
241800 6.524541480133E+03  -5.071543554923E-03
242100 6.523645781415E+03  -5.071543554923E-03
242400 6.522750082697E+03  -5.071543554923E-03
242700 6.521854383979E+03  -5.071543554923E-03
243000 6.520958685262E+03  -5.071543554923E-03
243300 6.520062986544E+03  -5.071543554923E-03
243600 6.519167287826E+03  -5.071543554923E-03
243900 6.518271589108E+03  -5.071543554923E-03
244200 6.517375890391E+03  -5.071543554923E-03
244500 6.516480191673E+03  -5.071543554923E-03
244800 6.515584492955E+03 -2.985662392438E-03
245100 6.514813956898E+03 -2.985662392438E-03
245400 6.514043420840E+03 -2.985662392438E-03
245700 6.513272884782E+03 -2.985662392438E-03
246000 6.512502348724E+03 -2.985662392438E-03
246300 6.511731812667E+03 -2.985662392438E-03
246600 6.510961276609E+03 -2.985662392438E-03
246900 6.510190740551E+03 -2.985662392438E-03
247200 6.509420204494E+03 -2.985662392438E-03
247500 6.508649668436E+03 -2.985662392438E-03
247800 6.507879132378E+03 -2.985662392438E-03
248100 6.507108596321E+03 -2.985662392438E-03
248400 6.506338060263E+03  -2.568453525641E-03
248700 6.506235954385E+03  -2.568453525641E-03
249000 6.506133848507E+03  -2.568453525641E-03
249300 6.506031742629E+03  -2.568453525641E-03
249600 6.505929636751E+03  -2.568453525641E-03
249900 6.505827530873E+03  -2.568453525641E-03
250200 6.505725424995E+03  -2.568453525641E-03
250500 6.505623319117E+03  -2.568453525641E-03
250800 6.505521213239E+03  -2.568453525641E-03
251100 6.505419107361E+03  -2.568453525641E-03
251400 6.505317001483E+03  -2.568453525641E-03
251700 6.505214895605E+03  -2.568453525641E-03
252000 6.505112789727E+03 -3.403529266006E-04
252300 6.503622310962E+03 -3.403529266006E-04
252600 6.502131832196E+03 -3.403529266006E-04
252900 6.500641353431E+03 -3.403529266006E-04
253200 6.499150874665E+03 -3.403529266006E-04
253500 6.497660395900E+03 -3.403529266006E-04
253800 6.496169917134E+03 -3.403529266006E-04
254100 6.494679438368E+03 -3.403529266006E-04
254400 6.493188959603E+03 -3.403529266006E-04
254700 6.491698480837E+03 -3.403529266006E-04
255000 6.490208002072E+03 -3.403529266006E-04
255300 6.488717523306E+03 -3.403529266006E-04
255600 6.487227044541E+03 -4.968262551782E-03
255900 6.487406274868E+03 -4.968262551782E-03
256200 6.487585505194E+03 -4.968262551782E-03
256500 6.487764735521E+03 -4.968262551782E-03
256800 6.487943965848E+03 -4.968262551782E-03
257100 6.488123196175E+03 -4.968262551782E-03
257400 6.488302426502E+03 -4.968262551782E-03
257700 6.488481656828E+03 -4.968262551782E-03
258000 6.488660887155E+03 -4.968262551782E-03
258300 6.488840117482E+03 -4.968262551782E-03
258600 6.489019347809E+03 -4.968262551782E-03
258900 6.489198578136E+03 -4.968262551782E-03
259200 6.489377808462E+03 5.974344226747E-04
259500 6.486454072880E+03 5.974344226747E-04
259800 6.483530337297E+03 5.974344226747E-04
260100 6.480606601714E+03 5.974344226747E-04
260400 6.477682866131E+03 5.974344226747E-04
260700 6.474759130548E+03 5.974344226747E-04
261000 6.471835394966E+03 5.974344226747E-04
261300 6.468911659383E+03 5.974344226747E-04
261600 6.465987923800E+03 5.974344226747E-04
261900 6.463064188217E+03 5.974344226747E-04
262200 6.460140452635E+03 5.974344226747E-04
262500 6.457216717052E+03 5.974344226747E-04
262800 6.454292981469E+03  -9.745785275937E-03
263100 6.455493827254E+03  -9.745785275937E-03
263400 6.456694673038E+03  -9.745785275937E-03
263700 6.457895518823E+03  -9.745785275937E-03
264000 6.459096364608E+03  -9.745785275937E-03
264300 6.460297210393E+03  -9.745785275937E-03
264600 6.461498056177E+03  -9.745785275937E-03
264900 6.462698901962E+03  -9.745785275937E-03
265200 6.463899747747E+03  -9.745785275937E-03
265500 6.465100593531E+03  -9.745785275937E-03
265800 6.466301439316E+03  -9.745785275937E-03
266100 6.467502285101E+03  -9.745785275937E-03
266400 6.468703130886E+03  4.002819282385E-03
266700 6.467099661927E+03  4.002819282385E-03
267000 6.465496192968E+03  4.002819282385E-03
267300 6.463892724010E+03  4.002819282385E-03
267600 6.462289255051E+03  4.002819282385E-03
267900 6.460685786093E+03  4.002819282385E-03
268200 6.459082317134E+03  4.002819282385E-03
268500 6.457478848176E+03  4.002819282385E-03
268800 6.455875379217E+03  4.002819282385E-03
269100 6.454271910258E+03  4.002819282385E-03
269400 6.452668441300E+03  4.002819282385E-03
269700 6.451064972341E+03  4.002819282385E-03
270000 6.449461503383E+03  -5.344896528574E-03
270300 6.449242541756E+03  -5.344896528574E-03
270600 6.449023580130E+03  -5.344896528574E-03
270900 6.448804618503E+03  -5.344896528574E-03
271200 6.448585656877E+03  -5.344896528574E-03
271500 6.448366695250E+03  -5.344896528574E-03
271800 6.448147733624E+03  -5.344896528574E-03
272100 6.447928771997E+03  -5.344896528574E-03
272400 6.447709810371E+03  -5.344896528574E-03
272700 6.447490848744E+03  -5.344896528574E-03
273000 6.447271887118E+03  -5.344896528574E-03
273300 6.447052925491E+03  -5.344896528574E-03
273600 6.446833963865E+03 -7.298720883109E-04
273900 6.446988291839E+03 -7.298720883109E-04
274200 6.447142619814E+03 -7.298720883109E-04
274500 6.447296947789E+03 -7.298720883109E-04
274800 6.447451275763E+03 -7.298720883109E-04
275100 6.447605603738E+03 -7.298720883109E-04
275400 6.447759931713E+03 -7.298720883109E-04
275700 6.447914259687E+03 -7.298720883109E-04
276000 6.448068587662E+03 -7.298720883109E-04
276300 6.448222915636E+03 -7.298720883109E-04
276600 6.448377243611E+03 -7.298720883109E-04
276900 6.448531571586E+03 -7.298720883109E-04
277200 6.448685899560E+03  5.144265820640E-04
277500 6.450468664091E+03  5.144265820640E-04
277800 6.452251428623E+03  5.144265820640E-04
278100 6.454034193154E+03  5.144265820640E-04
278400 6.455816957685E+03  5.144265820640E-04
278700 6.457599722216E+03  5.144265820640E-04
279000 6.459382486748E+03  5.144265820640E-04
279300 6.461165251279E+03  5.144265820640E-04
279600 6.462948015810E+03  5.144265820640E-04
279900 6.464730780341E+03  5.144265820640E-04
280200 6.466513544873E+03  5.144265820640E-04
280500 6.468296309404E+03  5.144265820640E-04
280800 6.470079073935E+03 5.942548437450E-03
281100 6.469616343229E+03 5.942548437450E-03
281400 6.469153612524E+03 5.942548437450E-03
281700 6.468690881818E+03 5.942548437450E-03
282000 6.468228151112E+03 5.942548437450E-03
282300 6.467765420406E+03 5.942548437450E-03
282600 6.467302689700E+03 5.942548437450E-03
282900 6.466839958995E+03 5.942548437450E-03
283200 6.466377228289E+03 5.942548437450E-03
283500 6.465914497583E+03 5.942548437450E-03
283800 6.465451766877E+03 5.942548437450E-03
284100 6.464989036171E+03 5.942548437450E-03
284400 6.464526305466E+03  -1.542435685946E-03
284700 6.464851740100E+03  -1.542435685946E-03
285000 6.465177174735E+03  -1.542435685946E-03
285300 6.465502609370E+03  -1.542435685946E-03
285600 6.465828044005E+03  -1.542435685946E-03
285900 6.466153478640E+03  -1.542435685946E-03
286200 6.466478913274E+03  -1.542435685946E-03
286500 6.466804347909E+03  -1.542435685946E-03
286800 6.467129782544E+03  -1.542435685946E-03
287100 6.467455217179E+03  -1.542435685946E-03
287400 6.467780651814E+03  -1.542435685946E-03
287700 6.468106086448E+03  -1.542435685946E-03
288000 6.468431521083E+03 1.084782115965E-03
288300 6.467000829334E+03 1.084782115965E-03
288600 6.465570137584E+03 1.084782115965E-03
288900 6.464139445834E+03 1.084782115965E-03
289200 6.462708754085E+03 1.084782115965E-03
289500 6.461278062335E+03 1.084782115965E-03
289800 6.459847370586E+03 1.084782115965E-03
290100 6.458416678836E+03 1.084782115965E-03
290400 6.456985987087E+03 1.084782115965E-03
290700 6.455555295337E+03 1.084782115965E-03
291000 6.454124603587E+03 1.084782115965E-03
291300 6.452693911838E+03 1.084782115965E-03
291600 6.451263220088E+03  -4.768972498576E-03
291900 6.451254714177E+03  -4.768972498576E-03
292200 6.451246208265E+03  -4.768972498576E-03
292500 6.451237702354E+03  -4.768972498576E-03
292800 6.451229196442E+03  -4.768972498576E-03
293100 6.451220690530E+03  -4.768972498576E-03
293400 6.451212184619E+03  -4.768972498576E-03
293700 6.451203678707E+03  -4.768972498576E-03
294000 6.451195172796E+03  -4.768972498576E-03
294300 6.451186666884E+03  -4.768972498576E-03
294600 6.451178160973E+03  -4.768972498576E-03
294900 6.451169655061E+03  -4.768972498576E-03
295200 6.451161149149E+03  -2.835303854908E-05
295500 6.451193307785E+03  -2.835303854908E-05
295800 6.451225466421E+03  -2.835303854908E-05
296100 6.451257625057E+03  -2.835303854908E-05
296400 6.451289783692E+03  -2.835303854908E-05
296700 6.451321942328E+03  -2.835303854908E-05
297000 6.451354100964E+03  -2.835303854908E-05
297300 6.451386259599E+03  -2.835303854908E-05
297600 6.451418418235E+03  -2.835303854908E-05
297900 6.451450576871E+03  -2.835303854908E-05
298200 6.451482735506E+03  -2.835303854908E-05
298500 6.451514894142E+03  -2.835303854908E-05
298800 6.451547052778E+03  1.071954523167E-04
299100 6.452392159012E+03  1.071954523167E-04
299400 6.453237265246E+03  1.071954523167E-04
299700 6.454082371481E+03  1.071954523167E-04
300000 6.454927477715E+03  1.071954523167E-04
300300 6.455772583950E+03  1.071954523167E-04
300600 6.456617690184E+03  1.071954523167E-04
300900 6.457462796418E+03  1.071954523167E-04
301200 6.458307902653E+03  1.071954523167E-04
301500 6.459153008887E+03  1.071954523167E-04
301800 6.459998115121E+03  1.071954523167E-04
302100 6.460843221356E+03  1.071954523167E-04
302400 6.461688327590E+03 2.817020781120E-03
302700 6.461610628894E+03 2.817020781120E-03
303000 6.461532930197E+03 2.817020781120E-03
303300 6.461455231501E+03 2.817020781120E-03
303600 6.461377532805E+03 2.817020781120E-03
303900 6.461299834108E+03 2.817020781120E-03
304200 6.461222135412E+03 2.817020781120E-03
304500 6.461144436716E+03 2.817020781120E-03
304800 6.461066738020E+03 2.817020781120E-03
305100 6.460989039323E+03 2.817020781120E-03
305400 6.460911340627E+03 2.817020781120E-03
305700 6.460833641931E+03 2.817020781120E-03
306000 6.460755943234E+03 -2.589956542688E-04
306300 6.460928881787E+03 -2.589956542688E-04
306600 6.461101820340E+03 -2.589956542688E-04
306900 6.461274758893E+03 -2.589956542688E-04
307200 6.461447697446E+03 -2.589956542688E-04
307500 6.461620635998E+03 -2.589956542688E-04
307800 6.461793574551E+03 -2.589956542688E-04
308100 6.461966513104E+03 -2.589956542688E-04
308400 6.462139451657E+03 -2.589956542688E-04
308700 6.462312390210E+03 -2.589956542688E-04
309000 6.462485328762E+03 -2.589956542688E-04
309300 6.462658267315E+03 -2.589956542688E-04
309600 6.462831205868E+03 5.764618426560E-04
309900 6.462571248240E+03 5.764618426560E-04
310200 6.462311290611E+03 5.764618426560E-04
310500 6.462051332983E+03 5.764618426560E-04
310800 6.461791375354E+03 5.764618426560E-04
311100 6.461531417726E+03 5.764618426560E-04
311400 6.461271460097E+03 5.764618426560E-04
311700 6.461011502469E+03 5.764618426560E-04
312000 6.460751544840E+03 5.764618426560E-04
312300 6.460491587212E+03 5.764618426560E-04
312600 6.460231629584E+03 5.764618426560E-04
312900 6.459971671955E+03 5.764618426560E-04
313200 6.459711714327E+03 -8.665254281638E-04
313500 6.458921315781E+03 -8.665254281638E-04
313800 6.458130917236E+03 -8.665254281638E-04
314100 6.457340518691E+03 -8.665254281638E-04
314400 6.456550120146E+03 -8.665254281638E-04
314700 6.455759721600E+03 -8.665254281638E-04
315000 6.454969323055E+03 -8.665254281638E-04
315300 6.454178924510E+03 -8.665254281638E-04
315600 6.453388525965E+03 -8.665254281638E-04
315900 6.452598127419E+03 -8.665254281638E-04
316200 6.451807728874E+03 -8.665254281638E-04
316500 6.451017330329E+03 -8.665254281638E-04
316800 6.450226931784E+03  -2.634661817488E-03
317100 6.450157552377E+03  -2.634661817488E-03
317400 6.450088172971E+03  -2.634661817488E-03
317700 6.450018793565E+03  -2.634661817488E-03
318000 6.449949414159E+03  -2.634661817488E-03
318300 6.449880034752E+03  -2.634661817488E-03
318600 6.449810655346E+03  -2.634661817488E-03
318900 6.449741275940E+03  -2.634661817488E-03
319200 6.449671896533E+03  -2.634661817488E-03
319500 6.449602517127E+03  -2.634661817488E-03
319800 6.449533137721E+03  -2.634661817488E-03
320100 6.449463758315E+03  -2.634661817488E-03
320400 6.449394378908E+03  -2.312646876006E-04
320700 6.450785396073E+03  -2.312646876006E-04
321000 6.452176413237E+03  -2.312646876006E-04
321300 6.453567430401E+03  -2.312646876006E-04
321600 6.454958447565E+03  -2.312646876006E-04
321900 6.456349464729E+03  -2.312646876006E-04
322200 6.457740481894E+03  -2.312646876006E-04
322500 6.459131499058E+03  -2.312646876006E-04
322800 6.460522516222E+03  -2.312646876006E-04
323100 6.461913533386E+03  -2.312646876006E-04
323400 6.463304550550E+03  -2.312646876006E-04
323700 6.464695567714E+03  -2.312646876006E-04
324000 6.466086584879E+03 4.636723880649E-03
324300 6.465740023100E+03 4.636723880649E-03
324600 6.465393461321E+03 4.636723880649E-03
324900 6.465046899543E+03 4.636723880649E-03
325200 6.464700337764E+03 4.636723880649E-03
325500 6.464353775985E+03 4.636723880649E-03
325800 6.464007214207E+03 4.636723880649E-03
326100 6.463660652428E+03 4.636723880649E-03
326400 6.463314090650E+03 4.636723880649E-03
326700 6.462967528871E+03 4.636723880649E-03
327000 6.462620967092E+03 4.636723880649E-03
327300 6.462274405314E+03 4.636723880649E-03
327600 6.461927843535E+03  -1.155205928823E-03
327900 6.462021354695E+03  -1.155205928823E-03
328200 6.462114865855E+03  -1.155205928823E-03
328500 6.462208377015E+03  -1.155205928823E-03
328800 6.462301888175E+03  -1.155205928823E-03
329100 6.462395399334E+03  -1.155205928823E-03
329400 6.462488910494E+03  -1.155205928823E-03
329700 6.462582421654E+03  -1.155205928823E-03
330000 6.462675932814E+03  -1.155205928823E-03
330300 6.462769443974E+03  -1.155205928823E-03
330600 6.462862955134E+03  -1.155205928823E-03
330900 6.462956466294E+03  -1.155205928823E-03
331200 6.463049977454E+03 3.117038663587E-04
331500 6.463668346309E+03 3.117038663587E-04
331800 6.464286715164E+03 3.117038663587E-04
332100 6.464905084019E+03 3.117038663587E-04
332400 6.465523452874E+03 3.117038663587E-04
332700 6.466141821729E+03 3.117038663587E-04
333000 6.466760190584E+03 3.117038663587E-04
333300 6.467378559440E+03 3.117038663587E-04
333600 6.467996928295E+03 3.117038663587E-04
333900 6.468615297150E+03 3.117038663587E-04
334200 6.469233666005E+03 3.117038663587E-04
334500 6.469852034860E+03 3.117038663587E-04
334800 6.470470403715E+03 2.061229517026E-03
335100 6.470488275083E+03 2.061229517026E-03
335400 6.470506146451E+03 2.061229517026E-03
335700 6.470524017819E+03 2.061229517026E-03
336000 6.470541889187E+03 2.061229517026E-03
336300 6.470559760555E+03 2.061229517026E-03
336600 6.470577631923E+03 2.061229517026E-03
336900 6.470595503291E+03 2.061229517026E-03
337200 6.470613374659E+03 2.061229517026E-03
337500 6.470631246028E+03 2.061229517026E-03
337800 6.470649117396E+03 2.061229517026E-03
338100 6.470666988764E+03 2.061229517026E-03
338400 6.470684860132E+03 5.957122682907E-05
338700 6.469185679502E+03 5.957122682907E-05
339000 6.467686498873E+03 5.957122682907E-05
339300 6.466187318243E+03 5.957122682907E-05
339600 6.464688137614E+03 5.957122682907E-05
339900 6.463188956984E+03 5.957122682907E-05
340200 6.461689776355E+03 5.957122682907E-05
340500 6.460190595725E+03 5.957122682907E-05
340800 6.458691415096E+03 5.957122682907E-05
341100 6.457192234466E+03 5.957122682907E-05
341400 6.455693053837E+03 5.957122682907E-05
341700 6.454193873207E+03 5.957122682907E-05
342000 6.452694692578E+03 -4.997268765044E-03
342300 6.452488852976E+03 -4.997268765044E-03
342600 6.452283013375E+03 -4.997268765044E-03
342900 6.452077173773E+03 -4.997268765044E-03
343200 6.451871334172E+03 -4.997268765044E-03
343500 6.451665494571E+03 -4.997268765044E-03
343800 6.451459654969E+03 -4.997268765044E-03
344100 6.451253815368E+03 -4.997268765044E-03
344400 6.451047975767E+03 -4.997268765044E-03
344700 6.450842136165E+03 -4.997268765044E-03
345000 6.450636296564E+03 -4.997268765044E-03
345300 6.450430456962E+03 -4.997268765044E-03
345600 6.450224617361E+03  -6.861320045593E-04
345900 6.448160098612E+03  -6.861320045593E-04
346200 6.446095579863E+03  -6.861320045593E-04
346500 6.444031061114E+03  -6.861320045593E-04
346800 6.441966542365E+03  -6.861320045593E-04
347100 6.439902023616E+03  -6.861320045593E-04
347400 6.437837504867E+03  -6.861320045593E-04
347700 6.435772986118E+03  -6.861320045593E-04
348000 6.433708467370E+03  -6.861320045593E-04
348300 6.431643948621E+03  -6.861320045593E-04
348600 6.429579429872E+03  -6.861320045593E-04
348900 6.427514911123E+03  -6.861320045593E-04
349200 6.425450392374E+03  -6.861320045593E-04
349500 6.425980055280E+03  -6.881729163156E-03
349800 6.426509718186E+03  -6.881729163156E-03
350100 6.427039381092E+03  -6.881729163156E-03
350400 6.427569043998E+03  -6.881729163156E-03
350700 6.428098706904E+03  -6.881729163156E-03
351000 6.428628369810E+03  -6.881729163156E-03
351300 6.429158032717E+03  -6.881729163156E-03
351600 6.429687695623E+03  -6.881729163156E-03
351900 6.430217358529E+03  -6.881729163156E-03
352200 6.430747021435E+03  -6.881729163156E-03
352500 6.431276684341E+03  -6.881729163156E-03
352800 6.431806347247E+03 1.765543020391E-03
353100 6.431980270298E+03 1.765543020391E-03
353400 6.432154193349E+03 1.765543020391E-03
353700 6.432328116400E+03 1.765543020391E-03
354000 6.432502039451E+03 1.765543020391E-03
354300 6.432675962502E+03 1.765543020391E-03
354600 6.432849885552E+03 1.765543020391E-03
354900 6.433023808603E+03 1.765543020391E-03
355200 6.433197731654E+03 1.765543020391E-03
355500 6.433371654705E+03 1.765543020391E-03
355800 6.433545577756E+03 1.765543020391E-03
356100 6.433719500807E+03 1.765543020391E-03
356400 6.433893423858E+03 5.797435029033E-04
356700 6.433217886306E+03 5.797435029033E-04
357000 6.432542348755E+03 5.797435029033E-04
357300 6.431866811204E+03 5.797435029033E-04
357600 6.431191273653E+03 5.797435029033E-04
357900 6.430515736102E+03 5.797435029033E-04
358200 6.429840198550E+03 5.797435029033E-04
358500 6.429164660999E+03 5.797435029033E-04
358800 6.428489123448E+03 5.797435029033E-04
359100 6.427813585897E+03 5.797435029033E-04
359400 6.427138048346E+03 5.797435029033E-04
359700 6.426462510794E+03 5.797435029033E-04
360000 6.425786973243E+03 5.797435029033E-04
360300 6.424688852399E+03 -2.251791837334E-03
360600 6.423590731555E+03 -2.251791837334E-03
360900 6.422492610711E+03 -2.251791837334E-03
361200 6.421394489867E+03 -2.251791837334E-03
361500 6.420296369023E+03 -2.251791837334E-03
361800 6.419198248179E+03 -2.251791837334E-03
362100 6.418100127335E+03 -2.251791837334E-03
362400 6.417002006491E+03 -2.251791837334E-03
362700 6.415903885647E+03 -2.251791837334E-03
363000 6.414805764803E+03 -2.251791837334E-03
363300 6.413707643959E+03 -2.251791837334E-03
363600 6.412609523115E+03  -3.660402813314E-03
363900 6.410680899271E+03  -3.660402813314E-03
364200 6.408752275427E+03  -3.660402813314E-03
364500 6.406823651582E+03  -3.660402813314E-03
364800 6.404895027738E+03  -3.660402813314E-03
365100 6.402966403894E+03  -3.660402813314E-03
365400 6.401037780049E+03  -3.660402813314E-03
365700 6.399109156205E+03  -3.660402813314E-03
366000 6.397180532361E+03  -3.660402813314E-03
366300 6.395251908516E+03  -3.660402813314E-03
366600 6.393323284672E+03  -3.660402813314E-03
366900 6.391394660828E+03  -3.660402813314E-03
367200 6.389466036984E+03  -6.428746147711E-03
367500 6.390435967085E+03  -6.428746147711E-03
367800 6.391405897187E+03  -6.428746147711E-03
368100 6.392375827288E+03  -6.428746147711E-03
368400 6.393345757390E+03  -6.428746147711E-03
368700 6.394315687492E+03  -6.428746147711E-03
369000 6.395285617593E+03  -6.428746147711E-03
369300 6.396255547695E+03  -6.428746147711E-03
369600 6.397225477796E+03  -6.428746147711E-03
369900 6.398195407898E+03  -6.428746147711E-03
370200 6.399165338000E+03  -6.428746147711E-03
370500 6.400135268101E+03  -6.428746147711E-03
370800 6.401105198203E+03  -6.428746147711E-03
371100 6.399936970483E+03  3.233100338665E-03
371400 6.398768742763E+03  3.233100338665E-03
371700 6.397600515044E+03  3.233100338665E-03
372000 6.396432287324E+03  3.233100338665E-03
372300 6.395264059604E+03  3.233100338665E-03
372600 6.394095831885E+03  3.233100338665E-03
372900 6.392927604165E+03  3.233100338665E-03
373200 6.391759376445E+03  3.233100338665E-03
373500 6.390591148726E+03  3.233100338665E-03
373800 6.389422921006E+03  3.233100338665E-03
374100 6.388254693286E+03  3.233100338665E-03
374400 6.387086465567E+03  -3.894092398870E-03
374700 6.384568571930E+03  -3.894092398870E-03
375000 6.382050678293E+03  -3.894092398870E-03
375300 6.379532784656E+03  -3.894092398870E-03
375600 6.377014891019E+03  -3.894092398870E-03
375900 6.374496997382E+03  -3.894092398870E-03
376200 6.371979103746E+03  -3.894092398870E-03
376500 6.369461210109E+03  -3.894092398870E-03
376800 6.366943316472E+03  -3.894092398870E-03
377100 6.364425422835E+03  -3.894092398870E-03
377400 6.361907529198E+03  -3.894092398870E-03
377700 6.359389635561E+03  -3.894092398870E-03
378000 6.356871741924E+03  -8.392978789537E-03
378300 6.358245341397E+03  -8.392978789537E-03
378600 6.359618940870E+03  -8.392978789537E-03
378900 6.360992540343E+03  -8.392978789537E-03
379200 6.362366139816E+03  -8.392978789537E-03
379500 6.363739739289E+03  -8.392978789537E-03
379800 6.365113338762E+03  -8.392978789537E-03
380100 6.366486938235E+03  -8.392978789537E-03
380400 6.367860537707E+03  -8.392978789537E-03
380700 6.369234137180E+03  -8.392978789537E-03
381000 6.370607736653E+03  -8.392978789537E-03
381300 6.371981336126E+03  -8.392978789537E-03
381600 6.373354935599E+03  -8.392978789537E-03
381900 6.372717891919E+03 4.578664909578E-03
382200 6.372080848239E+03 4.578664909578E-03
382500 6.371443804558E+03 4.578664909578E-03
382800 6.370806760878E+03 4.578664909578E-03
383100 6.370169717198E+03 4.578664909578E-03
383400 6.369532673518E+03 4.578664909578E-03
383700 6.368895629837E+03 4.578664909578E-03
384000 6.368258586157E+03 4.578664909578E-03
384300 6.367621542477E+03 4.578664909578E-03
384600 6.366984498797E+03 4.578664909578E-03
384900 6.366347455117E+03 4.578664909578E-03
385200 6.365710411436E+03 -2.123478934024E-03
385500 6.367220528018E+03 -2.123478934024E-03
385800 6.368730644600E+03 -2.123478934024E-03
386100 6.370240761182E+03 -2.123478934024E-03
386400 6.371750877764E+03 -2.123478934024E-03
386700 6.373260994346E+03 -2.123478934024E-03
387000 6.374771110928E+03 -2.123478934024E-03
387300 6.376281227510E+03 -2.123478934024E-03
387600 6.377791344091E+03 -2.123478934024E-03
387900 6.379301460673E+03 -2.123478934024E-03
388200 6.380811577255E+03 -2.123478934024E-03
388500 6.382321693837E+03 -2.123478934024E-03
388800 6.383831810419E+03  5.033721939577E-03
389100 6.383520670464E+03  5.033721939577E-03
389400 6.383209530509E+03  5.033721939577E-03
389700 6.382898390553E+03  5.033721939577E-03
390000 6.382587250598E+03  5.033721939577E-03
390300 6.382276110643E+03  5.033721939577E-03
390600 6.381964970688E+03  5.033721939577E-03
390900 6.381653830733E+03  5.033721939577E-03
391200 6.381342690778E+03  5.033721939577E-03
391500 6.381031550822E+03  5.033721939577E-03
391800 6.380720410867E+03  5.033721939577E-03
392100 6.380409270912E+03  5.033721939577E-03
392400 6.380098130957E+03  5.033721939577E-03
392700 6.379986482712E+03 -1.037133183886E-03
393000 6.379874834468E+03 -1.037133183886E-03
393300 6.379763186223E+03 -1.037133183886E-03
393600 6.379651537978E+03 -1.037133183886E-03
393900 6.379539889734E+03 -1.037133183886E-03
394200 6.379428241489E+03 -1.037133183886E-03
394500 6.379316593244E+03 -1.037133183886E-03
394800 6.379204944999E+03 -1.037133183886E-03
395100 6.379093296755E+03 -1.037133183886E-03
395400 6.378981648510E+03 -1.037133183886E-03
395700 6.378870000265E+03 -1.037133183886E-03
396000 6.378758352021E+03  -3.721608156045E-04
396300 6.378219163771E+03  -3.721608156045E-04
396600 6.377679975521E+03  -3.721608156045E-04
396900 6.377140787271E+03  -3.721608156045E-04
397200 6.376601599022E+03  -3.721608156045E-04
397500 6.376062410772E+03  -3.721608156045E-04
397800 6.375523222522E+03  -3.721608156045E-04
398100 6.374984034272E+03  -3.721608156045E-04
398400 6.374444846023E+03  -3.721608156045E-04
398700 6.373905657773E+03  -3.721608156045E-04
399000 6.373366469523E+03  -3.721608156045E-04
399300 6.372827281273E+03  -3.721608156045E-04
399600 6.372288093024E+03 -1.797294165859E-03
399900 6.372646281595E+03 -1.797294165859E-03
400200 6.373004470166E+03 -1.797294165859E-03
400500 6.373362658737E+03 -1.797294165859E-03
400800 6.373720847309E+03 -1.797294165859E-03
401100 6.374079035880E+03 -1.797294165859E-03
401400 6.374437224451E+03 -1.797294165859E-03
401700 6.374795413022E+03 -1.797294165859E-03
402000 6.375153601593E+03 -1.797294165859E-03
402300 6.375511790165E+03 -1.797294165859E-03
402600 6.375869978736E+03 -1.797294165859E-03
402900 6.376228167307E+03 -1.797294165859E-03
403200 6.376586355878E+03 -1.797294165859E-03
403500 6.378523462100E+03  1.193961904067E-03
403800 6.380460568322E+03  1.193961904067E-03
404100 6.382397674544E+03  1.193961904067E-03
404400 6.384334780766E+03  1.193961904067E-03
404700 6.386271886988E+03  1.193961904067E-03
405000 6.388208993210E+03  1.193961904067E-03
405300 6.390146099432E+03  1.193961904067E-03
405600 6.392083205654E+03  1.193961904067E-03
405900 6.394020311876E+03  1.193961904067E-03
406200 6.395957418098E+03  1.193961904067E-03
406500 6.397894524320E+03  1.193961904067E-03
406800 6.399831630542E+03 6.457020739920E-03
407100 6.400098151606E+03 6.457020739920E-03
407400 6.400364672670E+03 6.457020739920E-03
407700 6.400631193734E+03 6.457020739920E-03
408000 6.400897714798E+03 6.457020739920E-03
408300 6.401164235862E+03 6.457020739920E-03
408600 6.401430756926E+03 6.457020739920E-03
408900 6.401697277990E+03 6.457020739920E-03
409200 6.401963799054E+03 6.457020739920E-03
409500 6.402230320118E+03 6.457020739920E-03
409800 6.402496841182E+03 6.457020739920E-03
410100 6.402763362246E+03 6.457020739920E-03
410400 6.403029883310E+03 8.884035465932E-04
410700 6.404792840664E+03 8.884035465932E-04
411000 6.406555798019E+03 8.884035465932E-04
411300 6.408318755374E+03 8.884035465932E-04
411600 6.410081712728E+03 8.884035465932E-04
411900 6.411844670083E+03 8.884035465932E-04
412200 6.413607627438E+03 8.884035465932E-04
412500 6.415370584793E+03 8.884035465932E-04
412800 6.417133542147E+03 8.884035465932E-04
413100 6.418896499502E+03 8.884035465932E-04
413400 6.420659456857E+03 8.884035465932E-04
413700 6.422422414211E+03 8.884035465932E-04
414000 6.424185371566E+03 8.884035465932E-04
414300 6.426650103173E+03 5.876524515604E-03
414600 6.429114834780E+03 5.876524515604E-03
414900 6.431579566387E+03 5.876524515604E-03
415200 6.434044297994E+03 5.876524515604E-03
415500 6.436509029601E+03 5.876524515604E-03
415800 6.438973761208E+03 5.876524515604E-03
416100 6.441438492814E+03 5.876524515604E-03
416400 6.443903224421E+03 5.876524515604E-03
416700 6.446367956028E+03 5.876524515604E-03
417000 6.448832687635E+03 5.876524515604E-03
417300 6.451297419242E+03 5.876524515604E-03
417600 6.453762150849E+03  8.215772023128E-03
417900 6.453514772685E+03  8.215772023128E-03
418200 6.453267394520E+03  8.215772023128E-03
418500 6.453020016355E+03  8.215772023128E-03
418800 6.452772638190E+03  8.215772023128E-03
419100 6.452525260026E+03  8.215772023128E-03
419400 6.452277881861E+03  8.215772023128E-03
419700 6.452030503696E+03  8.215772023128E-03
420000 6.451783125532E+03  8.215772023128E-03
420300 6.451535747367E+03  8.215772023128E-03
420600 6.451288369202E+03  8.215772023128E-03
420900 6.451040991038E+03  8.215772023128E-03
421200 6.450793612873E+03  -8.245938822438E-04
421500 6.451435418685E+03  -8.245938822438E-04
421800 6.452077224497E+03  -8.245938822438E-04
422100 6.452719030309E+03  -8.245938822438E-04
422400 6.453360836121E+03  -8.245938822438E-04
422700 6.454002641934E+03  -8.245938822438E-04
423000 6.454644447746E+03  -8.245938822438E-04
423300 6.455286253558E+03  -8.245938822438E-04
423600 6.455928059370E+03  -8.245938822438E-04
423900 6.456569865182E+03  -8.245938822438E-04
424200 6.457211670994E+03  -8.245938822438E-04
424500 6.457853476806E+03  -8.245938822438E-04
424800 6.458495282618E+03  -8.245938822438E-04
425100 6.459000239839E+03  2.139352706990E-03
425400 6.459505197059E+03  2.139352706990E-03
425700 6.460010154279E+03  2.139352706990E-03
426000 6.460515111499E+03  2.139352706990E-03
426300 6.461020068720E+03  2.139352706990E-03
426600 6.461525025940E+03  2.139352706990E-03
426900 6.462029983160E+03  2.139352706990E-03
427200 6.462534940381E+03  2.139352706990E-03
427500 6.463039897601E+03  2.139352706990E-03
427800 6.463544854821E+03  2.139352706990E-03
428100 6.464049812041E+03  2.139352706990E-03
428400 6.464554769262E+03 1.683190734307E-03
428700 6.462476237080E+03 1.683190734307E-03
429000 6.460397704899E+03 1.683190734307E-03
429300 6.458319172717E+03 1.683190734307E-03
429600 6.456240640535E+03 1.683190734307E-03
429900 6.454162108354E+03 1.683190734307E-03
430200 6.452083576172E+03 1.683190734307E-03
430500 6.450005043990E+03 1.683190734307E-03
430800 6.447926511809E+03 1.683190734307E-03
431100 6.445847979627E+03 1.683190734307E-03
431400 6.443769447446E+03 1.683190734307E-03
431700 6.441690915264E+03 1.683190734307E-03
432000 6.439612383082E+03  -6.928440605387E-03
432300 6.438895232623E+03  -6.928440605387E-03
432600 6.438178082163E+03  -6.928440605387E-03
432900 6.437460931703E+03  -6.928440605387E-03
433200 6.436743781243E+03  -6.928440605387E-03
433500 6.436026630783E+03  -6.928440605387E-03
433800 6.435309480324E+03  -6.928440605387E-03
434100 6.434592329864E+03  -6.928440605387E-03
434400 6.433875179404E+03  -6.928440605387E-03
434700 6.433158028944E+03  -6.928440605387E-03
435000 6.432440878484E+03  -6.928440605387E-03
435300 6.431723728025E+03  -6.928440605387E-03
435600 6.431006577565E+03  -6.928440605387E-03
435900 6.430497355804E+03 -2.390501532674E-03
436200 6.429988134044E+03 -2.390501532674E-03
436500 6.429478912283E+03 -2.390501532674E-03
436800 6.428969690523E+03 -2.390501532674E-03
437100 6.428460468762E+03 -2.390501532674E-03
437400 6.427951247002E+03 -2.390501532674E-03
437700 6.427442025241E+03 -2.390501532674E-03
438000 6.426932803481E+03 -2.390501532674E-03
438300 6.426423581721E+03 -2.390501532674E-03
438600 6.425914359960E+03 -2.390501532674E-03
438900 6.425405138200E+03 -2.390501532674E-03
439200 6.424895916439E+03  -1.697405868230E-03
439500 6.424204112895E+03  -1.697405868230E-03
439800 6.423512309350E+03  -1.697405868230E-03
440100 6.422820505806E+03  -1.697405868230E-03
440400 6.422128702261E+03  -1.697405868230E-03
440700 6.421436898717E+03  -1.697405868230E-03
441000 6.420745095172E+03  -1.697405868230E-03
441300 6.420053291628E+03  -1.697405868230E-03
441600 6.419361488083E+03  -1.697405868230E-03
441900 6.418669684539E+03  -1.697405868230E-03
442200 6.417977880994E+03  -1.697405868230E-03
442500 6.417286077450E+03  -1.697405868230E-03
442800 6.416594273905E+03 -2.306011815015E-03
443100 6.416766785953E+03 -2.306011815015E-03
443400 6.416939298000E+03 -2.306011815015E-03
443700 6.417111810048E+03 -2.306011815015E-03
444000 6.417284322095E+03 -2.306011815015E-03
444300 6.417456834143E+03 -2.306011815015E-03
444600 6.417629346191E+03 -2.306011815015E-03
444900 6.417801858238E+03 -2.306011815015E-03
445200 6.417974370286E+03 -2.306011815015E-03
445500 6.418146882333E+03 -2.306011815015E-03
445800 6.418319394381E+03 -2.306011815015E-03
446100 6.418491906429E+03 -2.306011815015E-03
446400 6.418664418476E+03 -2.306011815015E-03
446700 6.418525727557E+03  5.750401586693E-04
447000 6.418387036638E+03  5.750401586693E-04
447300 6.418248345718E+03  5.750401586693E-04
447600 6.418109654799E+03  5.750401586693E-04
447900 6.417970963879E+03  5.750401586693E-04
448200 6.417832272960E+03  5.750401586693E-04
448500 6.417693582041E+03  5.750401586693E-04
448800 6.417554891121E+03  5.750401586693E-04
449100 6.417416200202E+03  5.750401586693E-04
449400 6.417277509282E+03  5.750401586693E-04
449700 6.417138818363E+03  5.750401586693E-04
450000 6.417000127444E+03 -4.623030646103E-04
450300 6.415786509037E+03 -4.623030646103E-04
450600 6.414572890630E+03 -4.623030646103E-04
450900 6.413359272224E+03 -4.623030646103E-04
451200 6.412145653817E+03 -4.623030646103E-04
451500 6.410932035410E+03 -4.623030646103E-04
451800 6.409718417004E+03 -4.623030646103E-04
452100 6.408504798597E+03 -4.623030646103E-04
452400 6.407291180190E+03 -4.623030646103E-04
452700 6.406077561784E+03 -4.623030646103E-04
453000 6.404863943377E+03 -4.623030646103E-04
453300 6.403650324970E+03 -4.623030646103E-04
453600 6.402436706564E+03  -4.045394688928E-03
453900 6.401558428077E+03  -4.045394688928E-03
454200 6.400680149591E+03  -4.045394688928E-03
454500 6.399801871104E+03  -4.045394688928E-03
454800 6.398923592618E+03  -4.045394688928E-03
455100 6.398045314131E+03  -4.045394688928E-03
455400 6.397167035645E+03  -4.045394688928E-03
455700 6.396288757158E+03  -4.045394688928E-03
456000 6.395410478672E+03  -4.045394688928E-03
456300 6.394532200186E+03  -4.045394688928E-03
456600 6.393653921699E+03  -4.045394688928E-03
456900 6.392775643213E+03  -4.045394688928E-03
457200 6.391897364726E+03  -4.045394688928E-03
457500 6.392139220747E+03 -2.927594954792E-03
457800 6.392381076768E+03 -2.927594954792E-03
458100 6.392622932788E+03 -2.927594954792E-03
458400 6.392864788809E+03 -2.927594954792E-03
458700 6.393106644830E+03 -2.927594954792E-03
459000 6.393348500850E+03 -2.927594954792E-03
459300 6.393590356871E+03 -2.927594954792E-03
459600 6.393832212892E+03 -2.927594954792E-03
459900 6.394074068912E+03 -2.927594954792E-03
460200 6.394315924933E+03 -2.927594954792E-03
460500 6.394557780954E+03 -2.927594954792E-03
460800 6.394799636974E+03 8.061867355271E-04
461100 6.394568827759E+03 8.061867355271E-04
461400 6.394338018544E+03 8.061867355271E-04
461700 6.394107209329E+03 8.061867355271E-04
462000 6.393876400114E+03 8.061867355271E-04
462300 6.393645590900E+03 8.061867355271E-04
462600 6.393414781685E+03 8.061867355271E-04
462900 6.393183972470E+03 8.061867355271E-04
463200 6.392953163255E+03 8.061867355271E-04
463500 6.392722354040E+03 8.061867355271E-04
463800 6.392491544825E+03 8.061867355271E-04
464100 6.392260735610E+03 8.061867355271E-04
464400 6.392029926395E+03 -7.693640497855E-04
464700 6.391560408309E+03 -7.693640497855E-04
465000 6.391090890224E+03 -7.693640497855E-04
465300 6.390621372138E+03 -7.693640497855E-04
465600 6.390151854052E+03 -7.693640497855E-04
465900 6.389682335966E+03 -7.693640497855E-04
466200 6.389212817881E+03 -7.693640497855E-04
466500 6.388743299795E+03 -7.693640497855E-04
466800 6.388273781709E+03 -7.693640497855E-04
467100 6.387804263624E+03 -7.693640497855E-04
467400 6.387334745538E+03 -7.693640497855E-04
467700 6.386865227452E+03 -7.693640497855E-04
468000 6.386395709366E+03 -7.693640497855E-04
468300 6.388082115171E+03  -1.565060285710E-03
468600 6.389768520976E+03  -1.565060285710E-03
468900 6.391454926781E+03  -1.565060285710E-03
469200 6.393141332586E+03  -1.565060285710E-03
469500 6.394827738391E+03  -1.565060285710E-03
469800 6.396514144196E+03  -1.565060285710E-03
470100 6.398200550001E+03  -1.565060285710E-03
470400 6.399886955806E+03  -1.565060285710E-03
470700 6.401573361611E+03  -1.565060285710E-03
471000 6.403259767416E+03  -1.565060285710E-03
471300 6.404946173221E+03  -1.565060285710E-03
471600 6.406632579026E+03  5.621352683318E-03
471900 6.406184247569E+03  5.621352683318E-03
472200 6.405735916112E+03  5.621352683318E-03
472500 6.405287584654E+03  5.621352683318E-03
472800 6.404839253197E+03  5.621352683318E-03
473100 6.404390921740E+03  5.621352683318E-03
473400 6.403942590282E+03  5.621352683318E-03
473700 6.403494258825E+03  5.621352683318E-03
474000 6.403045927368E+03  5.621352683318E-03
474300 6.402597595910E+03  5.621352683318E-03
474600 6.402149264453E+03  5.621352683318E-03
474900 6.401700932996E+03  5.621352683318E-03
475200 6.401252601538E+03 -1.494438191118E-03
475500 6.401903130618E+03 -1.494438191118E-03
475800 6.402553659697E+03 -1.494438191118E-03
476100 6.403204188777E+03 -1.494438191118E-03
476400 6.403854717856E+03 -1.494438191118E-03
476700 6.404505246936E+03 -1.494438191118E-03
477000 6.405155776015E+03 -1.494438191118E-03
477300 6.405806305094E+03 -1.494438191118E-03
477600 6.406456834174E+03 -1.494438191118E-03
477900 6.407107363253E+03 -1.494438191118E-03
478200 6.407757892333E+03 -1.494438191118E-03
478500 6.408408421412E+03 -1.494438191118E-03
478800 6.409058950492E+03 -1.494438191118E-03
479100 6.408055441174E+03 2.168430264829E-03
479400 6.407051931856E+03 2.168430264829E-03
479700 6.406048422538E+03 2.168430264829E-03
480000 6.405044913220E+03 2.168430264829E-03
480300 6.404041403902E+03 2.168430264829E-03
480600 6.403037894584E+03 2.168430264829E-03
480900 6.402034385266E+03 2.168430264829E-03
481200 6.401030875949E+03 2.168430264829E-03
481500 6.400027366631E+03 2.168430264829E-03
481800 6.399023857313E+03 2.168430264829E-03
482100 6.398020347995E+03 2.168430264829E-03
482400 6.397016838677E+03  -3.345031059647E-03
482700 6.397295145251E+03  -3.345031059647E-03
483000 6.397573451825E+03  -3.345031059647E-03
483300 6.397851758399E+03  -3.345031059647E-03
483600 6.398130064973E+03  -3.345031059647E-03
483900 6.398408371547E+03  -3.345031059647E-03
484200 6.398686678122E+03  -3.345031059647E-03
484500 6.398964984696E+03  -3.345031059647E-03
484800 6.399243291270E+03  -3.345031059647E-03
485100 6.399521597844E+03  -3.345031059647E-03
485400 6.399799904418E+03  -3.345031059647E-03
485700 6.400078210992E+03  -3.345031059647E-03
486000 6.400356517566E+03 9.276885803140E-04
486300 6.399221354556E+03 9.276885803140E-04
486600 6.398086191547E+03 9.276885803140E-04
486900 6.396951028537E+03 9.276885803140E-04
487200 6.395815865528E+03 9.276885803140E-04
487500 6.394680702518E+03 9.276885803140E-04
487800 6.393545539508E+03 9.276885803140E-04
488100 6.392410376499E+03 9.276885803140E-04
488400 6.391275213489E+03 9.276885803140E-04
488700 6.390140050479E+03 9.276885803140E-04
489000 6.389004887470E+03 9.276885803140E-04
489300 6.387869724460E+03 9.276885803140E-04
489600 6.386734561450E+03 9.276885803140E-04
489900 6.386850535553E+03  -3.783876698800E-03
490200 6.386966509656E+03  -3.783876698800E-03
490500 6.387082483758E+03  -3.783876698800E-03
490800 6.387198457861E+03  -3.783876698800E-03
491100 6.387314431963E+03  -3.783876698800E-03
491400 6.387430406066E+03  -3.783876698800E-03
491700 6.387546380168E+03  -3.783876698800E-03
492000 6.387662354271E+03  -3.783876698800E-03
492300 6.387778328373E+03  -3.783876698800E-03
492600 6.387894302476E+03  -3.783876698800E-03
492900 6.388010276579E+03  -3.783876698800E-03
493200 6.388126250681E+03  3.865803418555E-04
493500 6.387937298388E+03  3.865803418555E-04
493800 6.387748346095E+03  3.865803418555E-04
494100 6.387559393803E+03  3.865803418555E-04
494400 6.387370441510E+03  3.865803418555E-04
494700 6.387181489217E+03  3.865803418555E-04
495000 6.386992536924E+03  3.865803418555E-04
495300 6.386803584631E+03  3.865803418555E-04
495600 6.386614632338E+03  3.865803418555E-04
495900 6.386425680046E+03  3.865803418555E-04
496200 6.386236727753E+03  3.865803418555E-04
496500 6.386047775460E+03  3.865803418555E-04
496800 6.385858823167E+03 -6.298409761550E-04
497100 6.384595206572E+03 -6.298409761550E-04
497400 6.383331589976E+03 -6.298409761550E-04
497700 6.382067973381E+03 -6.298409761550E-04
498000 6.380804356786E+03 -6.298409761550E-04
498300 6.379540740190E+03 -6.298409761550E-04
498600 6.378277123595E+03 -6.298409761550E-04
498900 6.377013506999E+03 -6.298409761550E-04
499200 6.375749890404E+03 -6.298409761550E-04
499500 6.374486273809E+03 -6.298409761550E-04
499800 6.373222657213E+03 -6.298409761550E-04
500100 6.371959040618E+03 -6.298409761550E-04
500400 6.370695424023E+03 -6.298409761550E-04
500700 6.370787677367E+03  -4.212055317863E-03
501000 6.370879930712E+03  -4.212055317863E-03
501300 6.370972184057E+03  -4.212055317863E-03
501600 6.371064437401E+03  -4.212055317863E-03
501900 6.371156690746E+03  -4.212055317863E-03
502200 6.371248944091E+03  -4.212055317863E-03
502500 6.371341197436E+03  -4.212055317863E-03
502800 6.371433450780E+03  -4.212055317863E-03
503100 6.371525704125E+03  -4.212055317863E-03
503400 6.371617957470E+03  -4.212055317863E-03
503700 6.371710210814E+03  -4.212055317863E-03
504000 6.371802464159E+03 3.075111490362E-04
504300 6.371333430627E+03 3.075111490362E-04
504600 6.370864397096E+03 3.075111490362E-04
504900 6.370395363564E+03 3.075111490362E-04
505200 6.369926330032E+03 3.075111490362E-04
505500 6.369457296500E+03 3.075111490362E-04
505800 6.368988262969E+03 3.075111490362E-04
506100 6.368519229437E+03 3.075111490362E-04
506400 6.368050195905E+03 3.075111490362E-04
506700 6.367581162373E+03 3.075111490362E-04
507000 6.367112128842E+03 3.075111490362E-04
507300 6.366643095310E+03 3.075111490362E-04
507600 6.366174061778E+03 -1.563445105889E-03
507900 6.367752317649E+03 -1.563445105889E-03
508200 6.369330573520E+03 -1.563445105889E-03
508500 6.370908829391E+03 -1.563445105889E-03
508800 6.372487085263E+03 -1.563445105889E-03
509100 6.374065341134E+03 -1.563445105889E-03
509400 6.375643597005E+03 -1.563445105889E-03
509700 6.377221852876E+03 -1.563445105889E-03
510000 6.378800108747E+03 -1.563445105889E-03
510300 6.380378364618E+03 -1.563445105889E-03
510600 6.381956620490E+03 -1.563445105889E-03
510900 6.383534876361E+03 -1.563445105889E-03
511200 6.385113132232E+03 -1.563445105889E-03
511500 6.386723291030E+03 5.260852903881E-03
511800 6.388333449829E+03 5.260852903881E-03
512100 6.389943608627E+03 5.260852903881E-03
512400 6.391553767425E+03 5.260852903881E-03
512700 6.393163926224E+03 5.260852903881E-03
513000 6.394774085022E+03 5.260852903881E-03
513300 6.396384243821E+03 5.260852903881E-03
513600 6.397994402619E+03 5.260852903881E-03
513900 6.399604561417E+03 5.260852903881E-03
514200 6.401214720216E+03 5.260852903881E-03
514500 6.402824879014E+03 5.260852903881E-03
514800 6.404435037812E+03  5.367195994562E-03
515100 6.402887941826E+03  5.367195994562E-03
515400 6.401340845840E+03  5.367195994562E-03
515700 6.399793749854E+03  5.367195994562E-03
516000 6.398246653868E+03  5.367195994562E-03
516300 6.396699557882E+03  5.367195994562E-03
516600 6.395152461896E+03  5.367195994562E-03
516900 6.393605365910E+03  5.367195994562E-03
517200 6.392058269924E+03  5.367195994562E-03
517500 6.390511173938E+03  5.367195994562E-03
517800 6.388964077952E+03  5.367195994562E-03
518100 6.387416981966E+03  5.367195994562E-03
518400 6.385869885980E+03 -5.156986620100E-03
518700 6.387755926524E+03 -5.156986620100E-03
519000 6.389641967069E+03 -5.156986620100E-03
519300 6.391528007613E+03 -5.156986620100E-03
519600 6.393414048157E+03 -5.156986620100E-03
519900 6.395300088701E+03 -5.156986620100E-03
520200 6.397186129246E+03 -5.156986620100E-03
520500 6.399072169790E+03 -5.156986620100E-03
520800 6.400958210334E+03 -5.156986620100E-03
521100 6.402844250878E+03 -5.156986620100E-03
521400 6.404730291423E+03 -5.156986620100E-03
521700 6.406616331967E+03 -5.156986620100E-03
522000 6.408502372511E+03 -5.156986620100E-03
522300 6.406873516522E+03  6.286801814217E-03
522600 6.405244660533E+03  6.286801814217E-03
522900 6.403615804544E+03  6.286801814217E-03
523200 6.401986948555E+03  6.286801814217E-03
523500 6.400358092566E+03  6.286801814217E-03
523800 6.398729236577E+03  6.286801814217E-03
524100 6.397100380588E+03  6.286801814217E-03
524400 6.395471524599E+03  6.286801814217E-03
524700 6.393842668610E+03  6.286801814217E-03
525000 6.392213812621E+03  6.286801814217E-03
525300 6.390584956632E+03  6.286801814217E-03
525600 6.388956100643E+03  -5.429519963412E-03
525900 6.389238462819E+03  -5.429519963412E-03
526200 6.389520824995E+03  -5.429519963412E-03
526500 6.389803187170E+03  -5.429519963412E-03
526800 6.390085549346E+03  -5.429519963412E-03
527100 6.390367911522E+03  -5.429519963412E-03
527400 6.390650273698E+03  -5.429519963412E-03
527700 6.390932635874E+03  -5.429519963412E-03
528000 6.391214998050E+03  -5.429519963412E-03
528300 6.391497360226E+03  -5.429519963412E-03
528600 6.391779722401E+03  -5.429519963412E-03
528900 6.392062084577E+03  -5.429519963412E-03
529200 6.392344446753E+03 9.412072528330E-04
529500 6.393312670431E+03 9.412072528330E-04
529800 6.394280894109E+03 9.412072528330E-04
530100 6.395249117787E+03 9.412072528330E-04
530400 6.396217341465E+03 9.412072528330E-04
530700 6.397185565142E+03 9.412072528330E-04
531000 6.398153788820E+03 9.412072528330E-04
531300 6.399122012498E+03 9.412072528330E-04
531600 6.400090236176E+03 9.412072528330E-04
531900 6.401058459854E+03 9.412072528330E-04
532200 6.402026683532E+03 9.412072528330E-04
532500 6.402994907210E+03 9.412072528330E-04
532800 6.403963130888E+03 9.412072528330E-04
533100 6.404683455534E+03  3.227412259574E-03
533400 6.405403780180E+03  3.227412259574E-03
533700 6.406124104826E+03  3.227412259574E-03
534000 6.406844429472E+03  3.227412259574E-03
534300 6.407564754118E+03  3.227412259574E-03
534600 6.408285078764E+03  3.227412259574E-03
534900 6.409005403410E+03  3.227412259574E-03
535200 6.409725728056E+03  3.227412259574E-03
535500 6.410446052702E+03  3.227412259574E-03
535800 6.411166377348E+03  3.227412259574E-03
536100 6.411886701994E+03  3.227412259574E-03
536400 6.412607026640E+03  2.401082153349E-03
536700 6.413680664854E+03  2.401082153349E-03
537000 6.414754303069E+03  2.401082153349E-03
537300 6.415827941283E+03  2.401082153349E-03
537600 6.416901579498E+03  2.401082153349E-03
537900 6.417975217713E+03  2.401082153349E-03
538200 6.419048855927E+03  2.401082153349E-03
538500 6.420122494142E+03  2.401082153349E-03
538800 6.421196132356E+03  2.401082153349E-03
539100 6.422269770571E+03  2.401082153349E-03
539400 6.423343408786E+03  2.401082153349E-03
539700 6.424417047000E+03  2.401082153349E-03
540000 6.425490685215E+03  3.578794048676E-03
540300 6.426534721246E+03  3.578794048676E-03
540600 6.427578757278E+03  3.578794048676E-03
540900 6.428622793310E+03  3.578794048676E-03
541200 6.429666829341E+03  3.578794048676E-03
541500 6.430710865373E+03  3.578794048676E-03
541800 6.431754901404E+03  3.578794048676E-03
542100 6.432798937436E+03  3.578794048676E-03
542400 6.433842973467E+03  3.578794048676E-03
542700 6.434887009499E+03  3.578794048676E-03
543000 6.435931045531E+03  3.578794048676E-03
543300 6.436975081562E+03  3.578794048676E-03
543600 6.438019117594E+03  3.578794048676E-03
543900 6.438122088132E+03  3.480120105214E-03
544200 6.438225058671E+03  3.480120105214E-03
544500 6.438328029209E+03  3.480120105214E-03
544800 6.438430999748E+03  3.480120105214E-03
545100 6.438533970286E+03  3.480120105214E-03
545400 6.438636940825E+03  3.480120105214E-03
545700 6.438739911363E+03  3.480120105214E-03
546000 6.438842881902E+03  3.480120105214E-03
546300 6.438945852440E+03  3.480120105214E-03
546600 6.439048822979E+03  3.480120105214E-03
546900 6.439151793517E+03  3.480120105214E-03
547200 6.439254764056E+03  3.432351283247E-04
547500 6.437678939594E+03  3.432351283247E-04
547800 6.436103115132E+03  3.432351283247E-04
548100 6.434527290670E+03  3.432351283247E-04
548400 6.432951466208E+03  3.432351283247E-04
548700 6.431375641746E+03  3.432351283247E-04
549000 6.429799817285E+03  3.432351283247E-04
549300 6.428223992823E+03  3.432351283247E-04
549600 6.426648168361E+03  3.432351283247E-04
549900 6.425072343899E+03  3.432351283247E-04
550200 6.423496519437E+03  3.432351283247E-04
550500 6.421920694975E+03  3.432351283247E-04
550800 6.420344870514E+03  -5.252748206105E-03
551100 6.419907527894E+03  -5.252748206105E-03
551400 6.419470185274E+03  -5.252748206105E-03
551700 6.419032842654E+03  -5.252748206105E-03
552000 6.418595500034E+03  -5.252748206105E-03
552300 6.418158157414E+03  -5.252748206105E-03
552600 6.417720814794E+03  -5.252748206105E-03
552900 6.417283472174E+03  -5.252748206105E-03
553200 6.416846129555E+03  -5.252748206105E-03
553500 6.416408786935E+03  -5.252748206105E-03
553800 6.415971444315E+03  -5.252748206105E-03
554100 6.415534101695E+03  -5.252748206105E-03
554400 6.415096759075E+03  -5.252748206105E-03
554700 6.416986927261E+03  -1.457808732962E-03
555000 6.418877095447E+03  -1.457808732962E-03
555300 6.420767263633E+03  -1.457808732962E-03
555600 6.422657431819E+03  -1.457808732962E-03
555900 6.424547600006E+03  -1.457808732962E-03
556200 6.426437768192E+03  -1.457808732962E-03
556500 6.428327936378E+03  -1.457808732962E-03
556800 6.430218104564E+03  -1.457808732962E-03
557100 6.432108272750E+03  -1.457808732962E-03
557400 6.433998440936E+03  -1.457808732962E-03
557700 6.435888609122E+03  -1.457808732962E-03
558000 6.437778777308E+03  6.300560620363E-03
558300 6.438008331611E+03  6.300560620363E-03
558600 6.438237885913E+03  6.300560620363E-03
558900 6.438467440215E+03  6.300560620363E-03
559200 6.438696994517E+03  6.300560620363E-03
559500 6.438926548820E+03  6.300560620363E-03
559800 6.439156103122E+03  6.300560620363E-03
560100 6.439385657424E+03  6.300560620363E-03
560400 6.439615211727E+03  6.300560620363E-03
560700 6.439844766029E+03  6.300560620363E-03
561000 6.440074320331E+03  6.300560620363E-03
561300 6.440303874633E+03  6.300560620363E-03
561600 6.440533428936E+03 7.651810075974E-04
561900 6.441883415183E+03 7.651810075974E-04
562200 6.443233401430E+03 7.651810075974E-04
562500 6.444583387677E+03 7.651810075974E-04
562800 6.445933373924E+03 7.651810075974E-04
563100 6.447283360171E+03 7.651810075974E-04
563400 6.448633346419E+03 7.651810075974E-04
563700 6.449983332666E+03 7.651810075974E-04
564000 6.451333318913E+03 7.651810075974E-04
564300 6.452683305160E+03 7.651810075974E-04
564600 6.454033291407E+03 7.651810075974E-04
564900 6.455383277654E+03 7.651810075974E-04
565200 6.456733263901E+03 7.651810075974E-04
565500 6.456323010060E+03 4.499954157171E-03
565800 6.455912756218E+03 4.499954157171E-03
566100 6.455502502376E+03 4.499954157171E-03
566400 6.455092248534E+03 4.499954157171E-03
566700 6.454681994692E+03 4.499954157171E-03
567000 6.454271740850E+03 4.499954157171E-03
567300 6.453861487008E+03 4.499954157171E-03
567600 6.453451233167E+03 4.499954157171E-03
567900 6.453040979325E+03 4.499954157171E-03
568200 6.452630725483E+03 4.499954157171E-03
568500 6.452220471641E+03 4.499954157171E-03
568800 6.451810217799E+03 -1.367512806185E-03
569100 6.450100262350E+03 -1.367512806185E-03
569400 6.448390306902E+03 -1.367512806185E-03
569700 6.446680351453E+03 -1.367512806185E-03
570000 6.444970396004E+03 -1.367512806185E-03
570300 6.443260440555E+03 -1.367512806185E-03
570600 6.441550485107E+03 -1.367512806185E-03
570900 6.439840529658E+03 -1.367512806185E-03
571200 6.438130574209E+03 -1.367512806185E-03
571500 6.436420618760E+03 -1.367512806185E-03
571800 6.434710663311E+03 -1.367512806185E-03
572100 6.433000707863E+03 -1.367512806185E-03
572400 6.431290752414E+03  -5.699851495915E-03
572700 6.432266536256E+03  -5.699851495915E-03
573000 6.433242320097E+03  -5.699851495915E-03
573300 6.434218103939E+03  -5.699851495915E-03
573600 6.435193887781E+03  -5.699851495915E-03
573900 6.436169671623E+03  -5.699851495915E-03
574200 6.437145455464E+03  -5.699851495915E-03
574500 6.438121239306E+03  -5.699851495915E-03
574800 6.439097023148E+03  -5.699851495915E-03
575100 6.440072806990E+03  -5.699851495915E-03
575400 6.441048590831E+03  -5.699851495915E-03
575700 6.442024374673E+03  -5.699851495915E-03
576000 6.443000158515E+03  -5.699851495915E-03
576300 6.442768939236E+03  3.252612805820E-03
576600 6.442537719957E+03  3.252612805820E-03
576900 6.442306500679E+03  3.252612805820E-03
577200 6.442075281400E+03  3.252612805820E-03
577500 6.441844062121E+03  3.252612805820E-03
577800 6.441612842843E+03  3.252612805820E-03
578100 6.441381623564E+03  3.252612805820E-03
578400 6.441150404285E+03  3.252612805820E-03
578700 6.440919185007E+03  3.252612805820E-03
579000 6.440687965728E+03  3.252612805820E-03
579300 6.440456746449E+03  3.252612805820E-03
579600 6.440225527171E+03 -7.707309289521E-04
579900 6.439299337948E+03 -7.707309289521E-04
580200 6.438373148725E+03 -7.707309289521E-04
580500 6.437446959501E+03 -7.707309289521E-04
580800 6.436520770278E+03 -7.707309289521E-04
581100 6.435594581055E+03 -7.707309289521E-04
581400 6.434668391832E+03 -7.707309289521E-04
581700 6.433742202609E+03 -7.707309289521E-04
582000 6.432816013386E+03 -7.707309289521E-04
582300 6.431889824163E+03 -7.707309289521E-04
582600 6.430963634940E+03 -7.707309289521E-04
582900 6.430037445717E+03 -7.707309289521E-04
583200 6.429111256494E+03 -3.087297410134E-03
583500 6.429495987806E+03 -3.087297410134E-03
583800 6.429880719118E+03 -3.087297410134E-03
584100 6.430265450430E+03 -3.087297410134E-03
584400 6.430650181742E+03 -3.087297410134E-03
584700 6.431034913054E+03 -3.087297410134E-03
585000 6.431419644366E+03 -3.087297410134E-03
585300 6.431804375678E+03 -3.087297410134E-03
585600 6.432189106990E+03 -3.087297410134E-03
585900 6.432573838302E+03 -3.087297410134E-03
586200 6.432958569614E+03 -3.087297410134E-03
586500 6.433343300926E+03 -3.087297410134E-03
586800 6.433728032238E+03 -3.087297410134E-03
587100 6.433902838561E+03 1.282437706734E-03
587400 6.434077644884E+03 1.282437706734E-03
587700 6.434252451207E+03 1.282437706734E-03
588000 6.434427257529E+03 1.282437706734E-03
588300 6.434602063852E+03 1.282437706734E-03
588600 6.434776870175E+03 1.282437706734E-03
588900 6.434951676497E+03 1.282437706734E-03
589200 6.435126482820E+03 1.282437706734E-03
589500 6.435301289143E+03 1.282437706734E-03
589800 6.435476095466E+03 1.282437706734E-03
590100 6.435650901788E+03 1.282437706734E-03
590400 6.435825708111E+03 5.826877424028E-04
590700 6.434696940146E+03 5.826877424028E-04
591000 6.433568172181E+03 5.826877424028E-04
591300 6.432439404216E+03 5.826877424028E-04
591600 6.431310636251E+03 5.826877424028E-04
591900 6.430181868286E+03 5.826877424028E-04
592200 6.429053100321E+03 5.826877424028E-04
592500 6.427924332355E+03 5.826877424028E-04
592800 6.426795564390E+03 5.826877424028E-04
593100 6.425666796425E+03 5.826877424028E-04
593400 6.424538028460E+03 5.826877424028E-04
593700 6.423409260495E+03 5.826877424028E-04
594000 6.422280492530E+03  -3.762559883601E-03
594300 6.421938419491E+03  -3.762559883601E-03
594600 6.421596346451E+03  -3.762559883601E-03
594900 6.421254273411E+03  -3.762559883601E-03
595200 6.420912200372E+03  -3.762559883601E-03
595500 6.420570127332E+03  -3.762559883601E-03
595800 6.420228054293E+03  -3.762559883601E-03
596100 6.419885981253E+03  -3.762559883601E-03
596400 6.419543908214E+03  -3.762559883601E-03
596700 6.419201835174E+03  -3.762559883601E-03
597000 6.418859762135E+03  -3.762559883601E-03
597300 6.418517689095E+03  -3.762559883601E-03
597600 6.418175616056E+03  -3.762559883601E-03
597900 6.417464887823E+03 -1.140243465084E-03
598200 6.416754159591E+03 -1.140243465084E-03
598500 6.416043431358E+03 -1.140243465084E-03
598800 6.415332703126E+03 -1.140243465084E-03
599100 6.414621974894E+03 -1.140243465084E-03
599400 6.413911246661E+03 -1.140243465084E-03
599700 6.413200518429E+03 -1.140243465084E-03
600000 6.412489790196E+03 -1.140243465084E-03
600300 6.411779061964E+03 -1.140243465084E-03
600600 6.411068333731E+03 -1.140243465084E-03
600900 6.410357605499E+03 -1.140243465084E-03
601200 6.409646877266E+03 -2.369094108131E-03
601500 6.410331824528E+03 -2.369094108131E-03
601800 6.411016771790E+03 -2.369094108131E-03
602100 6.411701719052E+03 -2.369094108131E-03
602400 6.412386666314E+03 -2.369094108131E-03
602700 6.413071613576E+03 -2.369094108131E-03
603000 6.413756560838E+03 -2.369094108131E-03
603300 6.414441508100E+03 -2.369094108131E-03
603600 6.415126455362E+03 -2.369094108131E-03
603900 6.415811402624E+03 -2.369094108131E-03
604200 6.416496349886E+03 -2.369094108131E-03
604500 6.417181297148E+03 -2.369094108131E-03
604800 6.417866244410E+03 2.283157539846E-03
605100 6.417720991302E+03 2.283157539846E-03
605400 6.417575738193E+03 2.283157539846E-03
605700 6.417430485085E+03 2.283157539846E-03
606000 6.417285231977E+03 2.283157539846E-03
606300 6.417139978868E+03 2.283157539846E-03
606600 6.416994725760E+03 2.283157539846E-03
606900 6.416849472651E+03 2.283157539846E-03
607200 6.416704219543E+03 2.283157539846E-03
607500 6.416558966435E+03 2.283157539846E-03
607800 6.416413713326E+03 2.283157539846E-03
608100 6.416268460218E+03 2.283157539846E-03
608400 6.416123207110E+03 2.283157539846E-03
608700 6.418210731865E+03  -4.841770278479E-04
609000 6.420298256620E+03  -4.841770278479E-04
609300 6.422385781375E+03  -4.841770278479E-04
609600 6.424473306130E+03  -4.841770278479E-04
609900 6.426560830885E+03  -4.841770278479E-04
610200 6.428648355640E+03  -4.841770278479E-04
610500 6.430735880395E+03  -4.841770278479E-04
610800 6.432823405150E+03  -4.841770278479E-04
611100 6.434910929905E+03  -4.841770278479E-04
611400 6.436998454660E+03  -4.841770278479E-04
611700 6.439085979415E+03  -4.841770278479E-04
612000 6.441173504170E+03 6.958415850176E-03
612300 6.440055851344E+03 6.958415850176E-03
612600 6.438938198517E+03 6.958415850176E-03
612900 6.437820545690E+03 6.958415850176E-03
613200 6.436702892863E+03 6.958415850176E-03
613500 6.435585240037E+03 6.958415850176E-03
613800 6.434467587210E+03 6.958415850176E-03
614100 6.433349934383E+03 6.958415850176E-03
614400 6.432232281556E+03 6.958415850176E-03
614700 6.431114628730E+03 6.958415850176E-03
615000 6.429996975903E+03 6.958415850176E-03
615300 6.428879323076E+03 6.958415850176E-03
615600 6.427761670249E+03 -3.725509422499E-03
615900 6.428051863808E+03 -3.725509422499E-03
616200 6.428342057366E+03 -3.725509422499E-03
616500 6.428632250925E+03 -3.725509422499E-03
616800 6.428922444483E+03 -3.725509422499E-03
617100 6.429212638042E+03 -3.725509422499E-03
617400 6.429502831600E+03 -3.725509422499E-03
617700 6.429793025159E+03 -3.725509422499E-03
618000 6.430083218717E+03 -3.725509422499E-03
618300 6.430373412275E+03 -3.725509422499E-03
618600 6.430663605834E+03 -3.725509422499E-03
618900 6.430953799392E+03 -3.725509422499E-03
619200 6.431243992951E+03 -3.725509422499E-03
619500 6.430343685419E+03 9.673118615453E-04
619800 6.429443377886E+03 9.673118615453E-04
620100 6.428543070354E+03 9.673118615453E-04
620400 6.427642762822E+03 9.673118615453E-04
620700 6.426742455290E+03 9.673118615453E-04
621000 6.425842147757E+03 9.673118615453E-04
621300 6.424941840225E+03 9.673118615453E-04
621600 6.424041532693E+03 9.673118615453E-04
621900 6.423141225161E+03 9.673118615453E-04
622200 6.422240917628E+03 9.673118615453E-04
622500 6.421340610096E+03 9.673118615453E-04
622800 6.420440302564E+03  -3.001025107504E-03
623100 6.419829685413E+03  -3.001025107504E-03
623400 6.419219068263E+03  -3.001025107504E-03
623700 6.418608451112E+03  -3.001025107504E-03
624000 6.417997833961E+03  -3.001025107504E-03
624300 6.417387216810E+03  -3.001025107504E-03
624600 6.416776599660E+03  -3.001025107504E-03
624900 6.416165982509E+03  -3.001025107504E-03
625200 6.415555365358E+03  -3.001025107504E-03
625500 6.414944748208E+03  -3.001025107504E-03
625800 6.414334131057E+03  -3.001025107504E-03
626100 6.413723513906E+03  -3.001025107504E-03
626400 6.413112896756E+03  -2.035390502251E-03
626700 6.413010583085E+03  -2.035390502251E-03
627000 6.412908269414E+03  -2.035390502251E-03
627300 6.412805955743E+03  -2.035390502251E-03
627600 6.412703642071E+03  -2.035390502251E-03
627900 6.412601328400E+03  -2.035390502251E-03
628200 6.412499014729E+03  -2.035390502251E-03
628500 6.412396701058E+03  -2.035390502251E-03
628800 6.412294387387E+03  -2.035390502251E-03
629100 6.412192073716E+03  -2.035390502251E-03
629400 6.412089760045E+03  -2.035390502251E-03
629700 6.411987446374E+03  -2.035390502251E-03
630000 6.411885132703E+03  -2.035390502251E-03
630300 6.411515005240E+03  -3.410455702422E-04
630600 6.411144877777E+03  -3.410455702422E-04
630900 6.410774750314E+03  -3.410455702422E-04
631200 6.410404622851E+03  -3.410455702422E-04
631500 6.410034495388E+03  -3.410455702422E-04
631800 6.409664367925E+03  -3.410455702422E-04
632100 6.409294240462E+03  -3.410455702422E-04
632400 6.408924112999E+03  -3.410455702422E-04
632700 6.408553985536E+03  -3.410455702422E-04
633000 6.408183858073E+03  -3.410455702422E-04
633300 6.407813730610E+03  -3.410455702422E-04
633600 6.407443603147E+03 -1.233758209886E-03
633900 6.407702205793E+03 -1.233758209886E-03
634200 6.407960808439E+03 -1.233758209886E-03
634500 6.408219411084E+03 -1.233758209886E-03
634800 6.408478013730E+03 -1.233758209886E-03
635100 6.408736616376E+03 -1.233758209886E-03
635400 6.408995219021E+03 -1.233758209886E-03
635700 6.409253821667E+03 -1.233758209886E-03
636000 6.409512424313E+03 -1.233758209886E-03
636300 6.409771026958E+03 -1.233758209886E-03
636600 6.410029629604E+03 -1.233758209886E-03
636900 6.410288232250E+03 -1.233758209886E-03
637200 6.410546834896E+03  8.620088189630E-04
637500 6.410162409296E+03  8.620088189630E-04
637800 6.409777983697E+03  8.620088189630E-04
638100 6.409393558098E+03  8.620088189630E-04
638400 6.409009132498E+03  8.620088189630E-04
638700 6.408624706899E+03  8.620088189630E-04
639000 6.408240281300E+03  8.620088189630E-04
639300 6.407855855701E+03  8.620088189630E-04
639600 6.407471430101E+03  8.620088189630E-04
639900 6.407087004502E+03  8.620088189630E-04
640200 6.406702578903E+03  8.620088189630E-04
640500 6.406318153304E+03  8.620088189630E-04
640800 6.405933727704E+03  8.620088189630E-04
641100 6.404689597115E+03  -1.281418664256E-03
641400 6.403445466526E+03  -1.281418664256E-03
641700 6.402201335936E+03  -1.281418664256E-03
642000 6.400957205347E+03  -1.281418664256E-03
642300 6.399713074758E+03  -1.281418664256E-03
642600 6.398468944169E+03  -1.281418664256E-03
642900 6.397224813579E+03  -1.281418664256E-03
643200 6.395980682990E+03  -1.281418664256E-03
643500 6.394736552401E+03  -1.281418664256E-03
643800 6.393492421811E+03  -1.281418664256E-03
644100 6.392248291222E+03  -1.281418664256E-03
644400 6.391004160633E+03  -4.147101964275E-03
644700 6.391764340042E+03  -4.147101964275E-03
645000 6.392524519452E+03  -4.147101964275E-03
645300 6.393284698861E+03  -4.147101964275E-03
645600 6.394044878270E+03  -4.147101964275E-03
645900 6.394805057680E+03  -4.147101964275E-03
646200 6.395565237089E+03  -4.147101964275E-03
646500 6.396325416498E+03  -4.147101964275E-03
646800 6.397085595908E+03  -4.147101964275E-03
647100 6.397845775317E+03  -4.147101964275E-03
647400 6.398605954726E+03  -4.147101964275E-03
647700 6.399366134136E+03  -4.147101964275E-03
648000 6.400126313545E+03  2.533931364456E-03
648300 6.398661999242E+03  2.533931364456E-03
648600 6.397197684940E+03  2.533931364456E-03
648900 6.395733370637E+03  2.533931364456E-03
649200 6.394269056335E+03  2.533931364456E-03
649500 6.392804742032E+03  2.533931364456E-03
649800 6.391340427730E+03  2.533931364456E-03
650100 6.389876113427E+03  2.533931364456E-03
650400 6.388411799125E+03  2.533931364456E-03
650700 6.386947484823E+03  2.533931364456E-03
651000 6.385483170520E+03  2.533931364456E-03
651300 6.384018856218E+03  2.533931364456E-03
651600 6.382554541915E+03  2.533931364456E-03
651900 6.382240132342E+03  -4.881047674956E-03
652200 6.381925722770E+03  -4.881047674956E-03
652500 6.381611313197E+03  -4.881047674956E-03
652800 6.381296903624E+03  -4.881047674956E-03
653100 6.380982494052E+03  -4.881047674956E-03
653400 6.380668084479E+03  -4.881047674956E-03
653700 6.380353674906E+03  -4.881047674956E-03
654000 6.380039265333E+03  -4.881047674956E-03
654300 6.379724855761E+03  -4.881047674956E-03
654600 6.379410446188E+03  -4.881047674956E-03
654900 6.379096036615E+03  -4.881047674956E-03
655200 6.378781627043E+03 -1.048031909015E-03
