        2089
 28800 7.520531735841E+00  0.000000000000E+00
 29100 7.511840276396E+00  0.000000000000E+00
 29400 7.503148816952E+00  0.000000000000E+00
 29700 7.494457357507E+00  0.000000000000E+00
 30000 7.485765898063E+00  0.000000000000E+00
 30300 7.477074438618E+00  0.000000000000E+00
 30600 7.468382979174E+00  0.000000000000E+00
 30900 7.459691519729E+00  0.000000000000E+00
 31200 7.451000060285E+00  0.000000000000E+00
 31500 7.442308600840E+00  0.000000000000E+00
 31800 7.433617141396E+00  0.000000000000E+00
 32100 7.424925681951E+00  0.000000000000E+00
 32400 7.416234222507E+00 -2.897153148166E-05
 32700 7.406348062848E+00 -2.897153148166E-05
 33000 7.396461903189E+00 -2.897153148166E-05
 33300 7.386575743530E+00 -2.897153148166E-05
 33600 7.376689583871E+00 -2.897153148166E-05
 33900 7.366803424212E+00 -2.897153148166E-05
 34200 7.356917264553E+00 -2.897153148166E-05
 34500 7.347031104894E+00 -2.897153148166E-05
 34800 7.337144945236E+00 -2.897153148166E-05
 35100 7.327258785577E+00 -2.897153148166E-05
 35400 7.317372625918E+00 -2.897153148166E-05
 35700 7.307486466259E+00 -2.897153148166E-05
 36000 7.297600306600E+00 -2.897153148166E-05
 36300 7.293205859194E+00 -3.295386552974E-05
 36600 7.288811411787E+00 -3.295386552974E-05
 36900 7.284416964381E+00 -3.295386552974E-05
 37200 7.280022516975E+00 -3.295386552974E-05
 37500 7.275628069569E+00 -3.295386552974E-05
 37800 7.271233622162E+00 -3.295386552974E-05
 38100 7.266839174756E+00 -3.295386552974E-05
 38400 7.262444727350E+00 -3.295386552974E-05
 38700 7.258050279944E+00 -3.295386552974E-05
 39000 7.253655832537E+00 -3.295386552974E-05
 39300 7.249261385131E+00 -3.295386552974E-05
 39600 7.244866937725E+00 -1.464815802081E-05
 39900 7.230754679594E+00 -1.464815802081E-05
 40200 7.216642421463E+00 -1.464815802081E-05
 40500 7.202530163331E+00 -1.464815802081E-05
 40800 7.188417905200E+00 -1.464815802081E-05
 41100 7.174305647069E+00 -1.464815802081E-05
 41400 7.160193388938E+00 -1.464815802081E-05
 41700 7.146081130807E+00 -1.464815802081E-05
 42000 7.131968872675E+00 -1.464815802081E-05
 42300 7.117856614544E+00 -1.464815802081E-05
 42600 7.103744356413E+00 -1.464815802081E-05
 42900 7.089632098282E+00 -1.464815802081E-05
 43200 7.075519840151E+00 -4.704086043732E-05
 43500 7.068496287428E+00 -4.704086043732E-05
 43800 7.061472734705E+00 -4.704086043732E-05
 44100 7.054449181983E+00 -4.704086043732E-05
 44400 7.047425629260E+00 -4.704086043732E-05
 44700 7.040402076538E+00 -4.704086043732E-05
 45000 7.033378523815E+00 -4.704086043732E-05
 45300 7.026354971092E+00 -4.704086043732E-05
 45600 7.019331418370E+00 -4.704086043732E-05
 45900 7.012307865647E+00 -4.704086043732E-05
 46200 7.005284312925E+00 -4.704086043732E-05
 46500 6.998260760202E+00 -4.704086043732E-05
 46800 6.991237207479E+00 -2.341184240869E-05
 47100 6.983638234975E+00 -2.341184240869E-05
 47400 6.976039262471E+00 -2.341184240869E-05
 47700 6.968440289967E+00 -2.341184240869E-05
 48000 6.960841317463E+00 -2.341184240869E-05
 48300 6.953242344959E+00 -2.341184240869E-05
 48600 6.945643372455E+00 -2.341184240869E-05
 48900 6.938044399951E+00 -2.341184240869E-05
 49200 6.930445427447E+00 -2.341184240869E-05
 49500 6.922846454943E+00 -2.341184240869E-05
 49800 6.915247482439E+00 -2.341184240869E-05
 50100 6.907648509935E+00 -2.341184240869E-05
 50400 6.900049537431E+00 -2.341184240869E-05
 50700 6.897998435728E+00 -2.532990834665E-05
 51000 6.895947334025E+00 -2.532990834665E-05
 51300 6.893896232322E+00 -2.532990834665E-05
 51600 6.891845130619E+00 -2.532990834665E-05
 51900 6.889794028916E+00 -2.532990834665E-05
 52200 6.887742927213E+00 -2.532990834665E-05
 52500 6.885691825510E+00 -2.532990834665E-05
 52800 6.883640723807E+00 -2.532990834665E-05
 53100 6.881589622104E+00 -2.532990834665E-05
 53400 6.879538520401E+00 -2.532990834665E-05
 53700 6.877487418698E+00 -2.532990834665E-05
 54000 6.875436316995E+00 -6.837005676653E-06
 54300 6.870213870220E+00 -6.837005676653E-06
 54600 6.864991423444E+00 -6.837005676653E-06
 54900 6.859768976668E+00 -6.837005676653E-06
 55200 6.854546529892E+00 -6.837005676653E-06
 55500 6.849324083116E+00 -6.837005676653E-06
 55800 6.844101636340E+00 -6.837005676653E-06
 56100 6.838879189564E+00 -6.837005676653E-06
 56400 6.833656742789E+00 -6.837005676653E-06
 56700 6.828434296013E+00 -6.837005676653E-06
 57000 6.823211849237E+00 -6.837005676653E-06
 57300 6.817989402461E+00 -6.837005676653E-06
 57600 6.812766955685E+00 -1.740815591954E-05
 57900 6.810205006831E+00 -1.740815591954E-05
 58200 6.807643057976E+00 -1.740815591954E-05
 58500 6.805081109121E+00 -1.740815591954E-05
 58800 6.802519160267E+00 -1.740815591954E-05
 59100 6.799957211412E+00 -1.740815591954E-05
 59400 6.797395262558E+00 -1.740815591954E-05
 59700 6.794833313703E+00 -1.740815591954E-05
 60000 6.792271364849E+00 -1.740815591954E-05
 60300 6.789709415994E+00 -1.740815591954E-05
 60600 6.787147467140E+00 -1.740815591954E-05
 60900 6.784585518285E+00 -1.740815591954E-05
 61200 6.782023569430E+00 -1.740815591954E-05
 61500 6.775598265981E+00 -8.539829515162E-06
 61800 6.769172962531E+00 -8.539829515162E-06
 62100 6.762747659081E+00 -8.539829515162E-06
 62400 6.756322355631E+00 -8.539829515162E-06
 62700 6.749897052181E+00 -8.539829515162E-06
 63000 6.743471748731E+00 -8.539829515162E-06
 63300 6.737046445281E+00 -8.539829515162E-06
 63600 6.730621141831E+00 -8.539829515162E-06
 63900 6.724195838381E+00 -8.539829515162E-06
 64200 6.717770534931E+00 -8.539829515162E-06
 64500 6.711345231481E+00 -8.539829515162E-06
 64800 6.704919928031E+00 -2.141767816651E-05
 65100 6.700141615868E+00 -2.141767816651E-05
 65400 6.695363303704E+00 -2.141767816651E-05
 65700 6.690584991541E+00 -2.141767816651E-05
 66000 6.685806679378E+00 -2.141767816651E-05
 66300 6.681028367215E+00 -2.141767816651E-05
 66600 6.676250055051E+00 -2.141767816651E-05
 66900 6.671471742888E+00 -2.141767816651E-05
 67200 6.666693430725E+00 -2.141767816651E-05
 67500 6.661915118561E+00 -2.141767816651E-05
 67800 6.657136806398E+00 -2.141767816651E-05
 68100 6.652358494235E+00 -2.141767816651E-05
 68400 6.647580182072E+00 -1.592770721098E-05
 68700 6.644967458753E+00 -1.592770721098E-05
 69000 6.642354735434E+00 -1.592770721098E-05
 69300 6.639742012115E+00 -1.592770721098E-05
 69600 6.637129288796E+00 -1.592770721098E-05
 69900 6.634516565477E+00 -1.592770721098E-05
 70200 6.631903842158E+00 -1.592770721098E-05
 70500 6.629291118839E+00 -1.592770721098E-05
 70800 6.626678395520E+00 -1.592770721098E-05
 71100 6.624065672201E+00 -1.592770721098E-05
 71400 6.621452948882E+00 -1.592770721098E-05
 71700 6.618840225563E+00 -1.592770721098E-05
 72000 6.616227502244E+00 -1.592770721098E-05
 72300 6.614487119327E+00 -8.709077729928E-06
 72600 6.612746736411E+00 -8.709077729928E-06
 72900 6.611006353495E+00 -8.709077729928E-06
 73200 6.609265970578E+00 -8.709077729928E-06
 73500 6.607525587662E+00 -8.709077729928E-06
 73800 6.605785204746E+00 -8.709077729928E-06
 74100 6.604044821829E+00 -8.709077729928E-06
 74400 6.602304438913E+00 -8.709077729928E-06
 74700 6.600564055997E+00 -8.709077729928E-06
 75000 6.598823673080E+00 -8.709077729928E-06
 75300 6.597083290164E+00 -8.709077729928E-06
 75600 6.595342907248E+00 -5.801276387789E-06
 75900 6.594029009882E+00 -5.801276387789E-06
 76200 6.592715112515E+00 -5.801276387789E-06
 76500 6.591401215149E+00 -5.801276387789E-06
 76800 6.590087317783E+00 -5.801276387789E-06
 77100 6.588773420417E+00 -5.801276387789E-06
 77400 6.587459523051E+00 -5.801276387789E-06
 77700 6.586145625685E+00 -5.801276387789E-06
 78000 6.584831728319E+00 -5.801276387789E-06
 78300 6.583517830952E+00 -5.801276387789E-06
 78600 6.582203933586E+00 -5.801276387789E-06
 78900 6.580890036220E+00 -5.801276387789E-06
 79200 6.579576138854E+00 -5.801276387789E-06
 79500 6.579001708464E+00 -4.379657887179E-06
 79800 6.578427278074E+00 -4.379657887179E-06
 80100 6.577852847684E+00 -4.379657887179E-06
 80400 6.577278417293E+00 -4.379657887179E-06
 80700 6.576703986903E+00 -4.379657887179E-06
 81000 6.576129556513E+00 -4.379657887179E-06
 81300 6.575555126123E+00 -4.379657887179E-06
 81600 6.574980695733E+00 -4.379657887179E-06
 81900 6.574406265343E+00 -4.379657887179E-06
 82200 6.573831834953E+00 -4.379657887179E-06
 82500 6.573257404563E+00 -4.379657887179E-06
 82800 6.572682974172E+00 -4.379657887179E-06
 83100 6.570317202903E+00 -1.914767967091E-06
 83400 6.567951431633E+00 -1.914767967091E-06
 83700 6.565585660363E+00 -1.914767967091E-06
 84000 6.563219889093E+00 -1.914767967091E-06
 84300 6.560854117823E+00 -1.914767967091E-06
 84600 6.558488346554E+00 -1.914767967091E-06
 84900 6.556122575284E+00 -1.914767967091E-06
 85200 6.553756804014E+00 -1.914767967091E-06
 85500 6.551391032744E+00 -1.914767967091E-06
 85800 6.549025261475E+00 -1.914767967091E-06
 86100 6.546659490205E+00 -1.914767967091E-06
 86400 6.544293718935E+00 -7.885904232627E-06
 86700 6.542198064174E+00 -7.885904232627E-06
 87000 6.540102409412E+00 -7.885904232627E-06
 87300 6.538006754651E+00 -7.885904232627E-06
 87600 6.535911099890E+00 -7.885904232627E-06
 87900 6.533815445129E+00 -7.885904232627E-06
 88200 6.531719790367E+00 -7.885904232627E-06
 88500 6.529624135606E+00 -7.885904232627E-06
 88800 6.527528480845E+00 -7.885904232627E-06
 89100 6.525432826084E+00 -7.885904232627E-06
 89400 6.523337171323E+00 -7.885904232627E-06
 89700 6.521241516561E+00 -7.885904232627E-06
 90000 6.519145861800E+00 -7.885904232627E-06
 90300 6.516774205832E+00 -6.985515870797E-06
 90600 6.514402549864E+00 -6.985515870797E-06
 90900 6.512030893896E+00 -6.985515870797E-06
 91200 6.509659237928E+00 -6.985515870797E-06
 91500 6.507287581960E+00 -6.985515870797E-06
 91800 6.504915925992E+00 -6.985515870797E-06
 92100 6.502544270025E+00 -6.985515870797E-06
 92400 6.500172614057E+00 -6.985515870797E-06
 92700 6.497800958089E+00 -6.985515870797E-06
 93000 6.495429302121E+00 -6.985515870797E-06
 93300 6.493057646153E+00 -6.985515870797E-06
 93600 6.490685990185E+00 -7.905519893113E-06
 93900 6.487682499373E+00 -7.905519893113E-06
 94200 6.484679008560E+00 -7.905519893113E-06
 94500 6.481675517748E+00 -7.905519893113E-06
 94800 6.478672026936E+00 -7.905519893113E-06
 95100 6.475668536123E+00 -7.905519893113E-06
 95400 6.472665045311E+00 -7.905519893113E-06
 95700 6.469661554499E+00 -7.905519893113E-06
 96000 6.466658063686E+00 -7.905519893113E-06
 96300 6.463654572874E+00 -7.905519893113E-06
 96600 6.460651082062E+00 -7.905519893113E-06
 96900 6.457647591249E+00 -7.905519893113E-06
 97200 6.454644100437E+00 -1.001163604112E-05
 97500 6.450388435738E+00 -1.001163604112E-05
 97800 6.446132771039E+00 -1.001163604112E-05
 98100 6.441877106341E+00 -1.001163604112E-05
 98400 6.437621441642E+00 -1.001163604112E-05
 98700 6.433365776943E+00 -1.001163604112E-05
 99000 6.429110112245E+00 -1.001163604112E-05
 99300 6.424854447546E+00 -1.001163604112E-05
 99600 6.420598782847E+00 -1.001163604112E-05
 99900 6.416343118149E+00 -1.001163604112E-05
100200 6.412087453450E+00 -1.001163604112E-05
100500 6.407831788751E+00 -1.001163604112E-05
100800 6.403576124052E+00 -1.001163604112E-05
101100 6.402041227838E+00 -1.418554899566E-05
101400 6.400506331623E+00 -1.418554899566E-05
101700 6.398971435409E+00 -1.418554899566E-05
102000 6.397436539194E+00 -1.418554899566E-05
102300 6.395901642980E+00 -1.418554899566E-05
102600 6.394366746765E+00 -1.418554899566E-05
102900 6.392831850551E+00 -1.418554899566E-05
103200 6.391296954336E+00 -1.418554899566E-05
103500 6.389762058122E+00 -1.418554899566E-05
103800 6.388227161907E+00 -1.418554899566E-05
104100 6.386692265693E+00 -1.418554899566E-05
104400 6.385157369478E+00 -5.116320715033E-06
104700 6.384829616261E+00 -5.116320715033E-06
105000 6.384501863044E+00 -5.116320715033E-06
105300 6.384174109827E+00 -5.116320715033E-06
105600 6.383846356610E+00 -5.116320715033E-06
105900 6.383518603393E+00 -5.116320715033E-06
106200 6.383190850176E+00 -5.116320715033E-06
106500 6.382863096959E+00 -5.116320715033E-06
106800 6.382535343742E+00 -5.116320715033E-06
107100 6.382207590525E+00 -5.116320715033E-06
107400 6.381879837308E+00 -5.116320715033E-06
107700 6.381552084091E+00 -5.116320715033E-06
108000 6.381224330874E+00 -1.092510723334E-06
108300 6.380771952173E+00 -1.092510723334E-06
108600 6.380319573471E+00 -1.092510723334E-06
108900 6.379867194770E+00 -1.092510723334E-06
109200 6.379414816069E+00 -1.092510723334E-06
109500 6.378962437367E+00 -1.092510723334E-06
109800 6.378510058666E+00 -1.092510723334E-06
110100 6.378057679964E+00 -1.092510723334E-06
110400 6.377605301263E+00 -1.092510723334E-06
110700 6.377152922561E+00 -1.092510723334E-06
111000 6.376700543860E+00 -1.092510723334E-06
111300 6.376248165158E+00 -1.092510723334E-06
111600 6.375795786457E+00 -1.092510723334E-06
111900 6.373201840136E+00 -1.507929004834E-06
112200 6.370607893814E+00 -1.507929004834E-06
112500 6.368013947493E+00 -1.507929004834E-06
112800 6.365420001172E+00 -1.507929004834E-06
113100 6.362826054850E+00 -1.507929004834E-06
113400 6.360232108529E+00 -1.507929004834E-06
113700 6.357638162208E+00 -1.507929004834E-06
114000 6.355044215886E+00 -1.507929004834E-06
114300 6.352450269565E+00 -1.507929004834E-06
114600 6.349856323243E+00 -1.507929004834E-06
114900 6.347262376922E+00 -1.507929004834E-06
115200 6.344668430601E+00 -8.646487737815E-06
115500 6.340254545724E+00 -8.646487737815E-06
115800 6.335840660847E+00 -8.646487737815E-06
116100 6.331426775970E+00 -8.646487737815E-06
116400 6.327012891094E+00 -8.646487737815E-06
116700 6.322599006217E+00 -8.646487737815E-06
117000 6.318185121340E+00 -8.646487737815E-06
117300 6.313771236463E+00 -8.646487737815E-06
117600 6.309357351586E+00 -8.646487737815E-06
117900 6.304943466710E+00 -8.646487737815E-06
118200 6.300529581833E+00 -8.646487737815E-06
118500 6.296115696956E+00 -8.646487737815E-06
118800 6.291701812079E+00 -8.646487737815E-06
119100 6.289927510890E+00 -1.471294958934E-05
119400 6.288153209702E+00 -1.471294958934E-05
119700 6.286378908513E+00 -1.471294958934E-05
120000 6.284604607324E+00 -1.471294958934E-05
120300 6.282830306135E+00 -1.471294958934E-05
120600 6.281056004946E+00 -1.471294958934E-05
120900 6.279281703757E+00 -1.471294958934E-05
121200 6.277507402569E+00 -1.471294958934E-05
121500 6.275733101380E+00 -1.471294958934E-05
121800 6.273958800191E+00 -1.471294958934E-05
122100 6.272184499002E+00 -1.471294958934E-05
122400 6.270410197813E+00 -1.471294958934E-05
122700 6.265409415410E+00 -5.914337296047E-06
123000 6.260408633007E+00 -5.914337296047E-06
123300 6.255407850603E+00 -5.914337296047E-06
123600 6.250407068200E+00 -5.914337296047E-06
123900 6.245406285796E+00 -5.914337296047E-06
124200 6.240405503393E+00 -5.914337296047E-06
124500 6.235404720989E+00 -5.914337296047E-06
124800 6.230403938586E+00 -5.914337296047E-06
125100 6.225403156183E+00 -5.914337296047E-06
125400 6.220402373779E+00 -5.914337296047E-06
125700 6.215401591376E+00 -5.914337296047E-06
126000 6.210400808972E+00 -1.666927467807E-05
126300 6.207443148277E+00 -1.666927467807E-05
126600 6.204485487582E+00 -1.666927467807E-05
126900 6.201527826887E+00 -1.666927467807E-05
127200 6.198570166191E+00 -1.666927467807E-05
127500 6.195612505496E+00 -1.666927467807E-05
127800 6.192654844801E+00 -1.666927467807E-05
128100 6.189697184106E+00 -1.666927467807E-05
128400 6.186739523411E+00 -1.666927467807E-05
128700 6.183781862715E+00 -1.666927467807E-05
129000 6.180824202020E+00 -1.666927467807E-05
129300 6.177866541325E+00 -1.666927467807E-05
129600 6.174908880630E+00 -1.666927467807E-05
129900 6.171409450713E+00 -9.858868984046E-06
130200 6.167910020797E+00 -9.858868984046E-06
130500 6.164410590880E+00 -9.858868984046E-06
130800 6.160911160963E+00 -9.858868984046E-06
131100 6.157411731047E+00 -9.858868984046E-06
131400 6.153912301130E+00 -9.858868984046E-06
131700 6.150412871214E+00 -9.858868984046E-06
132000 6.146913441297E+00 -9.858868984046E-06
132300 6.143414011380E+00 -9.858868984046E-06
132600 6.139914581464E+00 -9.858868984046E-06
132900 6.136415151547E+00 -9.858868984046E-06
133200 6.132915721631E+00 -9.858868984046E-06
133500 6.131306111971E+00 -1.166476638868E-05
133800 6.129696502312E+00 -1.166476638868E-05
134100 6.128086892652E+00 -1.166476638868E-05
134400 6.126477282993E+00 -1.166476638868E-05
134700 6.124867673334E+00 -1.166476638868E-05
135000 6.123258063674E+00 -1.166476638868E-05
135300 6.121648454015E+00 -1.166476638868E-05
135600 6.120038844355E+00 -1.166476638868E-05
135900 6.118429234696E+00 -1.166476638868E-05
136200 6.116819625036E+00 -1.166476638868E-05
136500 6.115210015377E+00 -1.166476638868E-05
136800 6.113600405718E+00 -5.365365531352E-06
137100 6.112886743780E+00 -5.365365531352E-06
137400 6.112173081842E+00 -5.365365531352E-06
137700 6.111459419904E+00 -5.365365531352E-06
138000 6.110745757966E+00 -5.365365531352E-06
138300 6.110032096028E+00 -5.365365531352E-06
138600 6.109318434090E+00 -5.365365531352E-06
138900 6.108604772152E+00 -5.365365531352E-06
139200 6.107891110213E+00 -5.365365531352E-06
139500 6.107177448275E+00 -5.365365531352E-06
139800 6.106463786337E+00 -5.365365531352E-06
140100 6.105750124399E+00 -5.365365531352E-06
140400 6.105036462461E+00 -5.365365531352E-06
140700 6.106152530804E+00 -2.378873126745E-06
141000 6.107268599147E+00 -2.378873126745E-06
141300 6.108384667490E+00 -2.378873126745E-06
141600 6.109500735833E+00 -2.378873126745E-06
141900 6.110616804176E+00 -2.378873126745E-06
142200 6.111732872518E+00 -2.378873126745E-06
142500 6.112848940861E+00 -2.378873126745E-06
142800 6.113965009204E+00 -2.378873126745E-06
143100 6.115081077547E+00 -2.378873126745E-06
143400 6.116197145890E+00 -2.378873126745E-06
143700 6.117313214233E+00 -2.378873126745E-06
144000 6.118429282576E+00 -2.378873126745E-06
144300 6.117080529239E+00 3.720227809485E-06
144600 6.115731775903E+00 3.720227809485E-06
144900 6.114383022567E+00 3.720227809485E-06
145200 6.113034269231E+00 3.720227809485E-06
145500 6.111685515894E+00 3.720227809485E-06
145800 6.110336762558E+00 3.720227809485E-06
146100 6.108988009222E+00 3.720227809485E-06
146400 6.107639255886E+00 3.720227809485E-06
146700 6.106290502549E+00 3.720227809485E-06
147000 6.104941749213E+00 3.720227809485E-06
147300 6.103592995877E+00 3.720227809485E-06
147600 6.102244242541E+00  -4.495844454135E-06
147900 6.102069871313E+00  -4.495844454135E-06
148200 6.101895500085E+00  -4.495844454135E-06
148500 6.101721128857E+00  -4.495844454135E-06
148800 6.101546757630E+00  -4.495844454135E-06
149100 6.101372386402E+00  -4.495844454135E-06
149400 6.101198015174E+00  -4.495844454135E-06
149700 6.101023643947E+00  -4.495844454135E-06
150000 6.100849272719E+00  -4.495844454135E-06
150300 6.100674901491E+00  -4.495844454135E-06
150600 6.100500530263E+00  -4.495844454135E-06
150900 6.100326159036E+00  -4.495844454135E-06
151200 6.100151787808E+00  -4.495844454135E-06
151500 6.099678452704E+00 -5.812374257516E-07
151800 6.099205117600E+00 -5.812374257516E-07
152100 6.098731782496E+00 -5.812374257516E-07
152400 6.098258447393E+00 -5.812374257516E-07
152700 6.097785112289E+00 -5.812374257516E-07
153000 6.097311777185E+00 -5.812374257516E-07
153300 6.096838442081E+00 -5.812374257516E-07
153600 6.096365106977E+00 -5.812374257516E-07
153900 6.095891771874E+00 -5.812374257516E-07
154200 6.095418436770E+00 -5.812374257516E-07
154500 6.094945101666E+00 -5.812374257516E-07
154800 6.094471766562E+00 -5.812374257516E-07
155100 6.095948588199E+00 -1.577783679381E-06
155400 6.097425409835E+00 -1.577783679381E-06
155700 6.098902231472E+00 -1.577783679381E-06
156000 6.100379053109E+00 -1.577783679381E-06
156300 6.101855874745E+00 -1.577783679381E-06
156600 6.103332696382E+00 -1.577783679381E-06
156900 6.104809518019E+00 -1.577783679381E-06
157200 6.106286339655E+00 -1.577783679381E-06
157500 6.107763161292E+00 -1.577783679381E-06
157800 6.109239982929E+00 -1.577783679381E-06
158100 6.110716804565E+00 -1.577783679381E-06
158400 6.112193626202E+00  4.922738788836E-06
158700 6.110749968881E+00  4.922738788836E-06
159000 6.109306311560E+00  4.922738788836E-06
159300 6.107862654239E+00  4.922738788836E-06
159600 6.106418996919E+00  4.922738788836E-06
159900 6.104975339598E+00  4.922738788836E-06
160200 6.103531682277E+00  4.922738788836E-06
160500 6.102088024956E+00  4.922738788836E-06
160800 6.100644367635E+00  4.922738788836E-06
161100 6.099200710314E+00  4.922738788836E-06
161400 6.097757052994E+00  4.922738788836E-06
161700 6.096313395673E+00  4.922738788836E-06
162000 6.094869738352E+00  4.922738788836E-06
162300 6.095741781332E+00 -4.812191069486E-06
162600 6.096613824313E+00 -4.812191069486E-06
162900 6.097485867293E+00 -4.812191069486E-06
163200 6.098357910273E+00 -4.812191069486E-06
163500 6.099229953254E+00 -4.812191069486E-06
163800 6.100101996234E+00 -4.812191069486E-06
164100 6.100974039214E+00 -4.812191069486E-06
164400 6.101846082195E+00 -4.812191069486E-06
164700 6.102718125175E+00 -4.812191069486E-06
165000 6.103590168156E+00 -4.812191069486E-06
165300 6.104462211136E+00 -4.812191069486E-06
165600 6.105334254116E+00 -4.812191069486E-06
165900 6.104705950631E+00 2.906809934562E-06
166200 6.104077647146E+00 2.906809934562E-06
166500 6.103449343661E+00 2.906809934562E-06
166800 6.102821040176E+00 2.906809934562E-06
167100 6.102192736690E+00 2.906809934562E-06
167400 6.101564433205E+00 2.906809934562E-06
167700 6.100936129720E+00 2.906809934562E-06
168000 6.100307826235E+00 2.906809934562E-06
168300 6.099679522750E+00 2.906809934562E-06
168600 6.099051219264E+00 2.906809934562E-06
168900 6.098422915779E+00 2.906809934562E-06
169200 6.097794612294E+00 -2.094344950592E-06
169500 6.097729914525E+00 -2.094344950592E-06
169800 6.097665216756E+00 -2.094344950592E-06
170100 6.097600518986E+00 -2.094344950592E-06
170400 6.097535821217E+00 -2.094344950592E-06
170700 6.097471123448E+00 -2.094344950592E-06
171000 6.097406425679E+00 -2.094344950592E-06
171300 6.097341727909E+00 -2.094344950592E-06
171600 6.097277030140E+00 -2.094344950592E-06
171900 6.097212332371E+00 -2.094344950592E-06
172200 6.097147634601E+00 -2.094344950592E-06
172500 6.097082936832E+00 -2.094344950592E-06
172800 6.097018239063E+00 -2.094344950592E-06
173100 6.096730338806E+00 -2.156592308775E-07
173400 6.096442438549E+00 -2.156592308775E-07
173700 6.096154538292E+00 -2.156592308775E-07
174000 6.095866638036E+00 -2.156592308775E-07
174300 6.095578737779E+00 -2.156592308775E-07
174600 6.095290837522E+00 -2.156592308775E-07
174900 6.095002937265E+00 -2.156592308775E-07
175200 6.094715037008E+00 -2.156592308775E-07
175500 6.094427136752E+00 -2.156592308775E-07
175800 6.094139236495E+00 -2.156592308775E-07
176100 6.093851336238E+00 -2.156592308775E-07
176400 6.093563435981E+00 -9.596675227377E-07
176700 6.090622623051E+00 -9.596675227377E-07
177000 6.087681810122E+00 -9.596675227377E-07
177300 6.084740997192E+00 -9.596675227377E-07
177600 6.081800184262E+00 -9.596675227377E-07
177900 6.078859371333E+00 -9.596675227377E-07
178200 6.075918558403E+00 -9.596675227377E-07
178500 6.072977745473E+00 -9.596675227377E-07
178800 6.070036932543E+00 -9.596675227377E-07
179100 6.067096119614E+00 -9.596675227377E-07
179400 6.064155306684E+00 -9.596675227377E-07
179700 6.061214493754E+00 -9.596675227377E-07
180000 6.058273680825E+00 -9.802709765696E-06
180300 6.055477274365E+00 -9.802709765696E-06
180600 6.052680867906E+00 -9.802709765696E-06
180900 6.049884461447E+00 -9.802709765696E-06
181200 6.047088054988E+00 -9.802709765696E-06
181500 6.044291648528E+00 -9.802709765696E-06
181800 6.041495242069E+00 -9.802709765696E-06
182100 6.038698835610E+00 -9.802709765696E-06
182400 6.035902429150E+00 -9.802709765696E-06
182700 6.033106022691E+00 -9.802709765696E-06
183000 6.030309616232E+00 -9.802709765696E-06
183300 6.027513209773E+00 -9.802709765696E-06
183600 6.024716803313E+00  -9.321354864222E-06
183900 6.022421981625E+00  -9.321354864222E-06
184200 6.020127159937E+00  -9.321354864222E-06
184500 6.017832338250E+00  -9.321354864222E-06
184800 6.015537516562E+00  -9.321354864222E-06
185100 6.013242694874E+00  -9.321354864222E-06
185400 6.010947873186E+00  -9.321354864222E-06
185700 6.008653051498E+00  -9.321354864222E-06
186000 6.006358229810E+00  -9.321354864222E-06
186300 6.004063408122E+00  -9.321354864222E-06
186600 6.001768586434E+00  -9.321354864222E-06
186900 5.999473764746E+00  -9.321354864222E-06
187200 5.997178943058E+00 -7.649405626546E-06
187500 5.994882710811E+00 -7.649405626546E-06
187800 5.992586478565E+00 -7.649405626546E-06
188100 5.990290246318E+00 -7.649405626546E-06
188400 5.987994014072E+00 -7.649405626546E-06
188700 5.985697781825E+00 -7.649405626546E-06
189000 5.983401549579E+00 -7.649405626546E-06
189300 5.981105317332E+00 -7.649405626546E-06
189600 5.978809085086E+00 -7.649405626546E-06
189900 5.976512852839E+00 -7.649405626546E-06
190200 5.974216620593E+00 -7.649405626546E-06
190500 5.971920388346E+00 -7.649405626546E-06
190800 5.969624156099E+00  -7.654107488440E-06
191100 5.970117458642E+00  -7.654107488440E-06
191400 5.970610761185E+00  -7.654107488440E-06
191700 5.971104063728E+00  -7.654107488440E-06
192000 5.971597366271E+00  -7.654107488440E-06
192300 5.972090668814E+00  -7.654107488440E-06
192600 5.972583971357E+00  -7.654107488440E-06
192900 5.973077273900E+00  -7.654107488440E-06
193200 5.973570576443E+00  -7.654107488440E-06
193500 5.974063878985E+00  -7.654107488440E-06
193800 5.974557181528E+00  -7.654107488440E-06
194100 5.975050484071E+00  -7.654107488440E-06
194400 5.975543786614E+00 1.644341809605E-06
194700 5.972627511383E+00 1.644341809605E-06
195000 5.969711236152E+00 1.644341809605E-06
195300 5.966794960921E+00 1.644341809605E-06
195600 5.963878685689E+00 1.644341809605E-06
195900 5.960962410458E+00 1.644341809605E-06
196200 5.958046135227E+00 1.644341809605E-06
196500 5.955129859996E+00 1.644341809605E-06
196800 5.952213584765E+00 1.644341809605E-06
197100 5.949297309534E+00 1.644341809605E-06
197400 5.946381034303E+00 1.644341809605E-06
197700 5.943464759072E+00 1.644341809605E-06
198000 5.940548483840E+00 -9.720917437120E-06
198300 5.941564072285E+00 -9.720917437120E-06
198600 5.942579660729E+00 -9.720917437120E-06
198900 5.943595249174E+00 -9.720917437120E-06
199200 5.944610837618E+00 -9.720917437120E-06
199500 5.945626426062E+00 -9.720917437120E-06
199800 5.946642014507E+00 -9.720917437120E-06
200100 5.947657602951E+00 -9.720917437120E-06
200400 5.948673191395E+00 -9.720917437120E-06
200700 5.949688779840E+00 -9.720917437120E-06
201000 5.950704368284E+00 -9.720917437120E-06
201300 5.951719956729E+00 -9.720917437120E-06
201600 5.952735545173E+00 3.385294814587E-06
201900 5.952174367986E+00 3.385294814587E-06
202200 5.951613190799E+00 3.385294814587E-06
202500 5.951052013612E+00 3.385294814587E-06
202800 5.950490836425E+00 3.385294814587E-06
203100 5.949929659238E+00 3.385294814587E-06
203400 5.949368482051E+00 3.385294814587E-06
203700 5.948807304864E+00 3.385294814587E-06
204000 5.948246127677E+00 3.385294814587E-06
204300 5.947684950490E+00 3.385294814587E-06
204600 5.947123773304E+00 3.385294814587E-06
204900 5.946562596117E+00 3.385294814587E-06
205200 5.946001418930E+00  -1.870590623122E-06
205500 5.944622522753E+00  -1.870590623122E-06
205800 5.943243626576E+00  -1.870590623122E-06
206100 5.941864730399E+00  -1.870590623122E-06
206400 5.940485834222E+00  -1.870590623122E-06
206700 5.939106938045E+00  -1.870590623122E-06
207000 5.937728041868E+00  -1.870590623122E-06
207300 5.936349145691E+00  -1.870590623122E-06
207600 5.934970249514E+00  -1.870590623122E-06
207900 5.933591353337E+00  -1.870590623122E-06
208200 5.932212457160E+00  -1.870590623122E-06
208500 5.930833560983E+00  -1.870590623122E-06
208800 5.929454664806E+00  -4.596320589807E-06
209100 5.928727667509E+00  -4.596320589807E-06
209400 5.928000670211E+00  -4.596320589807E-06
209700 5.927273672913E+00  -4.596320589807E-06
210000 5.926546675615E+00  -4.596320589807E-06
210300 5.925819678317E+00  -4.596320589807E-06
210600 5.925092681019E+00  -4.596320589807E-06
210900 5.924365683722E+00  -4.596320589807E-06
211200 5.923638686424E+00  -4.596320589807E-06
211500 5.922911689126E+00  -4.596320589807E-06
211800 5.922184691828E+00  -4.596320589807E-06
212100 5.921457694530E+00  -4.596320589807E-06
212400 5.920730697233E+00  -2.423324326040E-06
212700 5.918838297237E+00  -2.423324326040E-06
213000 5.916945897241E+00  -2.423324326040E-06
213300 5.915053497245E+00  -2.423324326040E-06
213600 5.913161097249E+00  -2.423324326040E-06
213900 5.911268697253E+00  -2.423324326040E-06
214200 5.909376297257E+00  -2.423324326040E-06
214500 5.907483897260E+00  -2.423324326040E-06
214800 5.905591497264E+00  -2.423324326040E-06
215100 5.903699097268E+00  -2.423324326040E-06
215400 5.901806697272E+00  -2.423324326040E-06
215700 5.899914297276E+00  -2.423324326040E-06
216000 5.898021897280E+00  -6.307999986724E-06
216300 5.901312634799E+00  -6.307999986724E-06
216600 5.904603372318E+00  -6.307999986724E-06
216900 5.907894109837E+00  -6.307999986724E-06
217200 5.911184847356E+00  -6.307999986724E-06
217500 5.914475584875E+00  -6.307999986724E-06
217800 5.917766322393E+00  -6.307999986724E-06
218100 5.921057059912E+00  -6.307999986724E-06
218400 5.924347797431E+00  -6.307999986724E-06
218700 5.927638534950E+00  -6.307999986724E-06
219000 5.930929272469E+00  -6.307999986724E-06
219300 5.934220009988E+00  -6.307999986724E-06
219600 5.937510747506E+00 1.096912506279E-05
219900 5.938349992192E+00 1.096912506279E-05
220200 5.939189236877E+00 1.096912506279E-05
220500 5.940028481562E+00 1.096912506279E-05
220800 5.940867726247E+00 1.096912506279E-05
221100 5.941706970933E+00 1.096912506279E-05
221400 5.942546215618E+00 1.096912506279E-05
221700 5.943385460303E+00 1.096912506279E-05
222000 5.944224704988E+00 1.096912506279E-05
222300 5.945063949674E+00 1.096912506279E-05
222600 5.945903194359E+00 1.096912506279E-05
222900 5.946742439044E+00 1.096912506279E-05
223200 5.947581683729E+00 2.797482284147E-06
223500 5.950259648992E+00 2.797482284147E-06
223800 5.952937614254E+00 2.797482284147E-06
224100 5.955615579517E+00 2.797482284147E-06
224400 5.958293544779E+00 2.797482284147E-06
224700 5.960971510042E+00 2.797482284147E-06
225000 5.963649475304E+00 2.797482284147E-06
225300 5.966327440567E+00 2.797482284147E-06
225600 5.969005405829E+00 2.797482284147E-06
225900 5.971683371092E+00 2.797482284147E-06
226200 5.974361336354E+00 2.797482284147E-06
226500 5.977039301617E+00 2.797482284147E-06
226800 5.979717266879E+00 8.926550875004E-06
227100 5.978454890188E+00 8.926550875004E-06
227400 5.977192513497E+00 8.926550875004E-06
227700 5.975930136805E+00 8.926550875004E-06
228000 5.974667760114E+00 8.926550875004E-06
228300 5.973405383422E+00 8.926550875004E-06
228600 5.972143006731E+00 8.926550875004E-06
228900 5.970880630040E+00 8.926550875004E-06
229200 5.969618253348E+00 8.926550875004E-06
229500 5.968355876657E+00 8.926550875004E-06
229800 5.967093499966E+00 8.926550875004E-06
230100 5.965831123274E+00 8.926550875004E-06
230400 5.964568746583E+00 -4.207922304606E-06
230700 5.963258620982E+00 -4.207922304606E-06
231000 5.961948495381E+00 -4.207922304606E-06
231300 5.960638369781E+00 -4.207922304606E-06
231600 5.959328244180E+00 -4.207922304606E-06
231900 5.958018118579E+00 -4.207922304606E-06
232200 5.956707992979E+00 -4.207922304606E-06
232500 5.955397867378E+00 -4.207922304606E-06
232800 5.954087741777E+00 -4.207922304606E-06
233100 5.952777616177E+00 -4.207922304606E-06
233400 5.951467490576E+00 -4.207922304606E-06
233700 5.950157364975E+00 -4.207922304606E-06
234000 5.948847239374E+00  -4.367085335666E-06
234300 5.948741924395E+00  -4.367085335666E-06
234600 5.948636609416E+00  -4.367085335666E-06
234900 5.948531294438E+00  -4.367085335666E-06
235200 5.948425979459E+00  -4.367085335666E-06
235500 5.948320664480E+00  -4.367085335666E-06
235800 5.948215349501E+00  -4.367085335666E-06
236100 5.948110034522E+00  -4.367085335666E-06
236400 5.948004719543E+00  -4.367085335666E-06
236700 5.947899404564E+00  -4.367085335666E-06
237000 5.947794089585E+00  -4.367085335666E-06
237300 5.947688774606E+00  -4.367085335666E-06
237600 5.947583459627E+00 -3.510499298545E-07
237900 5.944375865734E+00 -3.510499298545E-07
238200 5.941168271841E+00 -3.510499298545E-07
238500 5.937960677947E+00 -3.510499298545E-07
238800 5.934753084054E+00 -3.510499298545E-07
239100 5.931545490161E+00 -3.510499298545E-07
239400 5.928337896268E+00 -3.510499298545E-07
239700 5.925130302374E+00 -3.510499298545E-07
240000 5.921922708481E+00 -3.510499298545E-07
240300 5.918715114588E+00 -3.510499298545E-07
240600 5.915507520695E+00 -3.510499298545E-07
240900 5.912299926802E+00 -3.510499298545E-07
241200 5.909092332908E+00  -1.069197964404E-05
241500 5.907216216793E+00  -1.069197964404E-05
241800 5.905340100677E+00  -1.069197964404E-05
242100 5.903463984562E+00  -1.069197964404E-05
242400 5.901587868446E+00  -1.069197964404E-05
242700 5.899711752331E+00  -1.069197964404E-05
243000 5.897835636215E+00  -1.069197964404E-05
243300 5.895959520100E+00  -1.069197964404E-05
243600 5.894083403984E+00  -1.069197964404E-05
243900 5.892207287869E+00  -1.069197964404E-05
244200 5.890331171753E+00  -1.069197964404E-05
244500 5.888455055637E+00  -1.069197964404E-05
244800 5.886578939522E+00 -6.253720385127E-06
245100 5.887951096187E+00 -6.253720385127E-06
245400 5.889323252851E+00 -6.253720385127E-06
245700 5.890695409516E+00 -6.253720385127E-06
246000 5.892067566181E+00 -6.253720385127E-06
246300 5.893439722845E+00 -6.253720385127E-06
246600 5.894811879510E+00 -6.253720385127E-06
246900 5.896184036175E+00 -6.253720385127E-06
247200 5.897556192840E+00 -6.253720385127E-06
247500 5.898928349504E+00 -6.253720385127E-06
247800 5.900300506169E+00 -6.253720385127E-06
248100 5.901672662834E+00 -6.253720385127E-06
248400 5.903044819498E+00  4.573855549050E-06
248700 5.902278279206E+00  4.573855549050E-06
249000 5.901511738914E+00  4.573855549050E-06
249300 5.900745198621E+00  4.573855549050E-06
249600 5.899978658329E+00  4.573855549050E-06
249900 5.899212118036E+00  4.573855549050E-06
250200 5.898445577744E+00  4.573855549050E-06
250500 5.897679037451E+00  4.573855549050E-06
250800 5.896912497159E+00  4.573855549050E-06
251100 5.896145956866E+00  4.573855549050E-06
251400 5.895379416574E+00  4.573855549050E-06
251700 5.894612876282E+00  4.573855549050E-06
252000 5.893846335989E+00 -2.555134308178E-06
252300 5.893336984766E+00 -2.555134308178E-06
252600 5.892827633544E+00 -2.555134308178E-06
252900 5.892318282321E+00 -2.555134308178E-06
253200 5.891808931099E+00 -2.555134308178E-06
253500 5.891299579876E+00 -2.555134308178E-06
253800 5.890790228653E+00 -2.555134308178E-06
254100 5.890280877431E+00 -2.555134308178E-06
254400 5.889771526208E+00 -2.555134308178E-06
254700 5.889262174985E+00 -2.555134308178E-06
255000 5.888752823763E+00 -2.555134308178E-06
255300 5.888243472540E+00 -2.555134308178E-06
255600 5.887734121318E+00 -1.697837408748E-06
255900 5.885348186945E+00 -1.697837408748E-06
256200 5.882962252572E+00 -1.697837408748E-06
256500 5.880576318199E+00 -1.697837408748E-06
256800 5.878190383826E+00 -1.697837408748E-06
257100 5.875804449453E+00 -1.697837408748E-06
257400 5.873418515080E+00 -1.697837408748E-06
257700 5.871032580707E+00 -1.697837408748E-06
258000 5.868646646334E+00 -1.697837408748E-06
258300 5.866260711961E+00 -1.697837408748E-06
258600 5.863874777588E+00 -1.697837408748E-06
258900 5.861488843215E+00 -1.697837408748E-06
259200 5.859102908842E+00 -7.953114576455E-06
259500 5.859107486848E+00 -7.953114576455E-06
259800 5.859112064854E+00 -7.953114576455E-06
260100 5.859116642860E+00 -7.953114576455E-06
260400 5.859121220866E+00 -7.953114576455E-06
260700 5.859125798872E+00 -7.953114576455E-06
261000 5.859130376878E+00 -7.953114576455E-06
261300 5.859134954884E+00 -7.953114576455E-06
261600 5.859139532890E+00 -7.953114576455E-06
261900 5.859144110896E+00 -7.953114576455E-06
262200 5.859148688902E+00 -7.953114576455E-06
262500 5.859153266908E+00 -7.953114576455E-06
262800 5.859157844913E+00  1.526001975548E-08
263100 5.856300084338E+00  1.526001975548E-08
263400 5.853442323762E+00  1.526001975548E-08
263700 5.850584563186E+00  1.526001975548E-08
264000 5.847726802610E+00  1.526001975548E-08
264300 5.844869042034E+00  1.526001975548E-08
264600 5.842011281458E+00  1.526001975548E-08
264900 5.839153520882E+00  1.526001975548E-08
265200 5.836295760306E+00  1.526001975548E-08
265500 5.833437999730E+00  1.526001975548E-08
265800 5.830580239154E+00  1.526001975548E-08
266100 5.827722478578E+00  1.526001975548E-08
266400 5.824864718002E+00  -9.525868586430E-06
266700 5.825989849355E+00  -9.525868586430E-06
267000 5.827114980708E+00  -9.525868586430E-06
267300 5.828240112061E+00  -9.525868586430E-06
267600 5.829365243413E+00  -9.525868586430E-06
267900 5.830490374766E+00  -9.525868586430E-06
268200 5.831615506119E+00  -9.525868586430E-06
268500 5.832740637472E+00  -9.525868586430E-06
268800 5.833865768824E+00  -9.525868586430E-06
269100 5.834990900177E+00  -9.525868586430E-06
269400 5.836116031530E+00  -9.525868586430E-06
269700 5.837241162883E+00  -9.525868586430E-06
270000 5.838366294235E+00  3.750437842515E-06
270300 5.836884181221E+00  3.750437842515E-06
270600 5.835402068207E+00  3.750437842515E-06
270900 5.833919955193E+00  3.750437842515E-06
271200 5.832437842179E+00  3.750437842515E-06
271500 5.830955729165E+00  3.750437842515E-06
271800 5.829473616151E+00  3.750437842515E-06
272100 5.827991503136E+00  3.750437842515E-06
272400 5.826509390122E+00  3.750437842515E-06
272700 5.825027277108E+00  3.750437842515E-06
273000 5.823545164094E+00  3.750437842515E-06
273300 5.822063051080E+00  3.750437842515E-06
273600 5.820580938066E+00 -4.940376713762E-06
273900 5.822287654563E+00 -4.940376713762E-06
274200 5.823994371060E+00 -4.940376713762E-06
274500 5.825701087557E+00 -4.940376713762E-06
274800 5.827407804053E+00 -4.940376713762E-06
275100 5.829114520550E+00 -4.940376713762E-06
275400 5.830821237047E+00 -4.940376713762E-06
275700 5.832527953544E+00 -4.940376713762E-06
276000 5.834234670041E+00 -4.940376713762E-06
276300 5.835941386538E+00 -4.940376713762E-06
276600 5.837648103035E+00 -4.940376713762E-06
276900 5.839354819532E+00 -4.940376713762E-06
277200 5.841061536029E+00  5.689054989719E-06
277500 5.841718855466E+00  5.689054989719E-06
277800 5.842376174904E+00  5.689054989719E-06
278100 5.843033494342E+00  5.689054989719E-06
278400 5.843690813779E+00  5.689054989719E-06
278700 5.844348133217E+00  5.689054989719E-06
279000 5.845005452655E+00  5.689054989719E-06
279300 5.845662772092E+00  5.689054989719E-06
279600 5.846320091530E+00  5.689054989719E-06
279900 5.846977410967E+00  5.689054989719E-06
280200 5.847634730405E+00  5.689054989719E-06
280500 5.848292049843E+00  5.689054989719E-06
280800 5.848949369280E+00 2.191064792090E-06
281100 5.849910351870E+00 2.191064792090E-06
281400 5.850871334460E+00 2.191064792090E-06
281700 5.851832317050E+00 2.191064792090E-06
282000 5.852793299640E+00 2.191064792090E-06
282300 5.853754282230E+00 2.191064792090E-06
282600 5.854715264820E+00 2.191064792090E-06
282900 5.855676247410E+00 2.191064792090E-06
283200 5.856637230000E+00 2.191064792090E-06
283500 5.857598212590E+00 2.191064792090E-06
283800 5.858559195179E+00 2.191064792090E-06
284100 5.859520177769E+00 2.191064792090E-06
284400 5.860481160359E+00  3.203275299694E-06
284700 5.858098236041E+00  3.203275299694E-06
285000 5.855715311723E+00  3.203275299694E-06
285300 5.853332387404E+00  3.203275299694E-06
285600 5.850949463086E+00  3.203275299694E-06
285900 5.848566538768E+00  3.203275299694E-06
286200 5.846183614450E+00  3.203275299694E-06
286500 5.843800690131E+00  3.203275299694E-06
286800 5.841417765813E+00  3.203275299694E-06
287100 5.839034841495E+00  3.203275299694E-06
287400 5.836651917176E+00  3.203275299694E-06
287700 5.834268992858E+00  3.203275299694E-06
288000 5.831886068540E+00 -7.943081060950E-06
288300 5.830995449453E+00 -7.943081060950E-06
288600 5.830104830367E+00 -7.943081060950E-06
288900 5.829214211281E+00 -7.943081060950E-06
289200 5.828323592194E+00 -7.943081060950E-06
289500 5.827432973108E+00 -7.943081060950E-06
289800 5.826542354022E+00 -7.943081060950E-06
290100 5.825651734935E+00 -7.943081060950E-06
290400 5.824761115849E+00 -7.943081060950E-06
290700 5.823870496763E+00 -7.943081060950E-06
291000 5.822979877676E+00 -7.943081060950E-06
291300 5.822089258590E+00 -7.943081060950E-06
291600 5.821198639504E+00  -2.968730287818E-06
291900 5.821403807035E+00  -2.968730287818E-06
292200 5.821608974566E+00  -2.968730287818E-06
292500 5.821814142097E+00  -2.968730287818E-06
292800 5.822019309628E+00  -2.968730287818E-06
293100 5.822224477159E+00  -2.968730287818E-06
293400 5.822429644690E+00  -2.968730287818E-06
293700 5.822634812221E+00  -2.968730287818E-06
294000 5.822839979752E+00  -2.968730287818E-06
294300 5.823045147283E+00  -2.968730287818E-06
294600 5.823250314814E+00  -2.968730287818E-06
294900 5.823455482345E+00  -2.968730287818E-06
295200 5.823660649876E+00  6.838917701420E-07
295500 5.824441833476E+00  6.838917701420E-07
295800 5.825223017075E+00  6.838917701420E-07
296100 5.826004200675E+00  6.838917701420E-07
296400 5.826785384274E+00  6.838917701420E-07
296700 5.827566567874E+00  6.838917701420E-07
297000 5.828347751473E+00  6.838917701420E-07
297300 5.829128935073E+00  6.838917701420E-07
297600 5.829910118672E+00  6.838917701420E-07
297900 5.830691302272E+00  6.838917701420E-07
298200 5.831472485871E+00  6.838917701420E-07
298500 5.832253669471E+00  6.838917701420E-07
298800 5.833034853070E+00  2.603945331714E-06
299100 5.833590016115E+00  2.603945331714E-06
299400 5.834145179159E+00  2.603945331714E-06
299700 5.834700342203E+00  2.603945331714E-06
300000 5.835255505247E+00  2.603945331714E-06
300300 5.835810668291E+00  2.603945331714E-06
300600 5.836365831335E+00  2.603945331714E-06
300900 5.836920994380E+00  2.603945331714E-06
301200 5.837476157424E+00  2.603945331714E-06
301500 5.838031320468E+00  2.603945331714E-06
301800 5.838586483512E+00  2.603945331714E-06
302100 5.839141646556E+00  2.603945331714E-06
302400 5.839696809601E+00 1.850543480641E-06
302700 5.840780978749E+00 1.850543480641E-06
303000 5.841865147897E+00 1.850543480641E-06
303300 5.842949317045E+00 1.850543480641E-06
303600 5.844033486193E+00 1.850543480641E-06
303900 5.845117655341E+00 1.850543480641E-06
304200 5.846201824490E+00 1.850543480641E-06
304500 5.847285993638E+00 1.850543480641E-06
304800 5.848370162786E+00 1.850543480641E-06
305100 5.849454331934E+00 1.850543480641E-06
305400 5.850538501082E+00 1.850543480641E-06
305700 5.851622670230E+00 1.850543480641E-06
306000 5.852706839378E+00 3.613897160508E-06
306300 5.851247441956E+00 3.613897160508E-06
306600 5.849788044534E+00 3.613897160508E-06
306900 5.848328647112E+00 3.613897160508E-06
307200 5.846869249690E+00 3.613897160508E-06
307500 5.845409852267E+00 3.613897160508E-06
307800 5.843950454845E+00 3.613897160508E-06
308100 5.842491057423E+00 3.613897160508E-06
308400 5.841031660001E+00 3.613897160508E-06
308700 5.839572262578E+00 3.613897160508E-06
309000 5.838112865156E+00 3.613897160508E-06
309300 5.836653467734E+00 3.613897160508E-06
309600 5.835194070312E+00 -4.864658074114E-06
309900 5.836547309141E+00 -4.864658074114E-06
310200 5.837900547969E+00 -4.864658074114E-06
310500 5.839253786798E+00 -4.864658074114E-06
310800 5.840607025627E+00 -4.864658074114E-06
311100 5.841960264456E+00 -4.864658074114E-06
311400 5.843313503285E+00 -4.864658074114E-06
311700 5.844666742114E+00 -4.864658074114E-06
312000 5.846019980943E+00 -4.864658074114E-06
312300 5.847373219772E+00 -4.864658074114E-06
312600 5.848726458600E+00 -4.864658074114E-06
312900 5.850079697429E+00 -4.864658074114E-06
313200 5.851432936258E+00 4.510796096268E-06
313500 5.850246724564E+00 4.510796096268E-06
313800 5.849060512869E+00 4.510796096268E-06
314100 5.847874301175E+00 4.510796096268E-06
314400 5.846688089480E+00 4.510796096268E-06
314700 5.845501877786E+00 4.510796096268E-06
315000 5.844315666091E+00 4.510796096268E-06
315300 5.843129454397E+00 4.510796096268E-06
315600 5.841943242702E+00 4.510796096268E-06
315900 5.840757031008E+00 4.510796096268E-06
316200 5.839570819313E+00 4.510796096268E-06
316500 5.838384607619E+00 4.510796096268E-06
316800 5.837198395924E+00  -3.954038981688E-06
317100 5.838330379321E+00  -3.954038981688E-06
317400 5.839462362717E+00  -3.954038981688E-06
317700 5.840594346114E+00  -3.954038981688E-06
318000 5.841726329511E+00  -3.954038981688E-06
318300 5.842858312907E+00  -3.954038981688E-06
318600 5.843990296304E+00  -3.954038981688E-06
318900 5.845122279701E+00  -3.954038981688E-06
319200 5.846254263097E+00  -3.954038981688E-06
319500 5.847386246494E+00  -3.954038981688E-06
319800 5.848518229891E+00  -3.954038981688E-06
320100 5.849650213287E+00  -3.954038981688E-06
320400 5.850782196684E+00  3.773277988838E-06
320700 5.851041710813E+00  3.773277988838E-06
321000 5.851301224943E+00  3.773277988838E-06
321300 5.851560739072E+00  3.773277988838E-06
321600 5.851820253201E+00  3.773277988838E-06
321900 5.852079767331E+00  3.773277988838E-06
322200 5.852339281460E+00  3.773277988838E-06
322500 5.852598795589E+00  3.773277988838E-06
322800 5.852858309718E+00  3.773277988838E-06
323100 5.853117823848E+00  3.773277988838E-06
323400 5.853377337977E+00  3.773277988838E-06
323700 5.853636852106E+00  3.773277988838E-06
324000 5.853896366236E+00 8.650470977030E-07
324300 5.855786394062E+00 8.650470977030E-07
324600 5.857676421889E+00 8.650470977030E-07
324900 5.859566449716E+00 8.650470977030E-07
325200 5.861456477542E+00 8.650470977030E-07
325500 5.863346505369E+00 8.650470977030E-07
325800 5.865236533196E+00 8.650470977030E-07
326100 5.867126561023E+00 8.650470977030E-07
326400 5.869016588849E+00 8.650470977030E-07
326700 5.870906616676E+00 8.650470977030E-07
327000 5.872796644503E+00 8.650470977030E-07
327300 5.874686672329E+00 8.650470977030E-07
327600 5.876576700156E+00  6.300092755630E-06
327900 5.876211921661E+00  6.300092755630E-06
328200 5.875847143165E+00  6.300092755630E-06
328500 5.875482364670E+00  6.300092755630E-06
328800 5.875117586174E+00  6.300092755630E-06
329100 5.874752807679E+00  6.300092755630E-06
329400 5.874388029183E+00  6.300092755630E-06
329700 5.874023250688E+00  6.300092755630E-06
330000 5.873658472192E+00  6.300092755630E-06
330300 5.873293693697E+00  6.300092755630E-06
330600 5.872928915201E+00  6.300092755630E-06
330900 5.872564136706E+00  6.300092755630E-06
331200 5.872199358210E+00 -1.215928318239E-06
331500 5.873485116497E+00 -1.215928318239E-06
331800 5.874770874784E+00 -1.215928318239E-06
332100 5.876056633070E+00 -1.215928318239E-06
332400 5.877342391357E+00 -1.215928318239E-06
332700 5.878628149644E+00 -1.215928318239E-06
333000 5.879913907930E+00 -1.215928318239E-06
333300 5.881199666217E+00 -1.215928318239E-06
333600 5.882485424504E+00 -1.215928318239E-06
333900 5.883771182791E+00 -1.215928318239E-06
334200 5.885056941077E+00 -1.215928318239E-06
334500 5.886342699364E+00 -1.215928318239E-06
334800 5.887628457651E+00 4.285860955653E-06
335100 5.886444739930E+00 4.285860955653E-06
335400 5.885261022210E+00 4.285860955653E-06
335700 5.884077304490E+00 4.285860955653E-06
336000 5.882893586770E+00 4.285860955653E-06
336300 5.881709869050E+00 4.285860955653E-06
336600 5.880526151330E+00 4.285860955653E-06
336900 5.879342433609E+00 4.285860955653E-06
337200 5.878158715889E+00 4.285860955653E-06
337500 5.876974998169E+00 4.285860955653E-06
337800 5.875791280449E+00 4.285860955653E-06
338100 5.874607562729E+00 4.285860955653E-06
338400 5.873423845009E+00 -3.945725733908E-06
338700 5.871741043598E+00 -3.945725733908E-06
339000 5.870058242187E+00 -3.945725733908E-06
339300 5.868375440776E+00 -3.945725733908E-06
339600 5.866692639366E+00 -3.945725733908E-06
339900 5.865009837955E+00 -3.945725733908E-06
340200 5.863327036544E+00 -3.945725733908E-06
340500 5.861644235133E+00 -3.945725733908E-06
340800 5.859961433723E+00 -3.945725733908E-06
341100 5.858278632312E+00 -3.945725733908E-06
341400 5.856595830901E+00 -3.945725733908E-06
341700 5.854913029490E+00 -3.945725733908E-06
342000 5.853230228080E+00 -5.609338035812E-06
342300 5.853009631037E+00 -5.609338035812E-06
342600 5.852789033994E+00 -5.609338035812E-06
342900 5.852568436951E+00 -5.609338035812E-06
343200 5.852347839908E+00 -5.609338035812E-06
343500 5.852127242865E+00 -5.609338035812E-06
343800 5.851906645822E+00 -5.609338035812E-06
344100 5.851686048779E+00 -5.609338035812E-06
344400 5.851465451736E+00 -5.609338035812E-06
344700 5.851244854693E+00 -5.609338035812E-06
345000 5.851024257650E+00 -5.609338035812E-06
345300 5.850803660607E+00 -5.609338035812E-06
345600 5.850583063564E+00  -7.353234765829E-07
345900 5.850540526024E+00  -7.353234765829E-07
346200 5.850497988483E+00  -7.353234765829E-07
346500 5.850455450943E+00  -7.353234765829E-07
346800 5.850412913403E+00  -7.353234765829E-07
347100 5.850370375862E+00  -7.353234765829E-07
347400 5.850327838322E+00  -7.353234765829E-07
347700 5.850285300781E+00  -7.353234765829E-07
348000 5.850242763241E+00  -7.353234765829E-07
348300 5.850200225701E+00  -7.353234765829E-07
348600 5.850157688160E+00  -7.353234765829E-07
348900 5.850115150620E+00  -7.353234765829E-07
349200 5.850072613080E+00  -7.353234765829E-07
349500 5.849008573170E+00  -1.417918012060E-07
349800 5.847944533259E+00  -1.417918012060E-07
350100 5.846880493349E+00  -1.417918012060E-07
350400 5.845816453439E+00  -1.417918012060E-07
350700 5.844752413529E+00  -1.417918012060E-07
351000 5.843688373619E+00  -1.417918012060E-07
351300 5.842624333709E+00  -1.417918012060E-07
351600 5.841560293799E+00  -1.417918012060E-07
351900 5.840496253889E+00  -1.417918012060E-07
352200 5.839432213978E+00  -1.417918012060E-07
352500 5.838368174068E+00  -1.417918012060E-07
352800 5.837304134158E+00 -3.546799700409E-06
353100 5.837029145793E+00 -3.546799700409E-06
353400 5.836754157427E+00 -3.546799700409E-06
353700 5.836479169062E+00 -3.546799700409E-06
354000 5.836204180696E+00 -3.546799700409E-06
354300 5.835929192331E+00 -3.546799700409E-06
354600 5.835654203965E+00 -3.546799700409E-06
354900 5.835379215600E+00 -3.546799700409E-06
355200 5.835104227234E+00 -3.546799700409E-06
355500 5.834829238869E+00 -3.546799700409E-06
355800 5.834554250503E+00 -3.546799700409E-06
356100 5.834279262137E+00 -3.546799700409E-06
356400 5.834004273772E+00 -9.166278850520E-07
356700 5.834881238062E+00 -9.166278850520E-07
357000 5.835758202352E+00 -9.166278850520E-07
357300 5.836635166642E+00 -9.166278850520E-07
357600 5.837512130932E+00 -9.166278850520E-07
357900 5.838389095222E+00 -9.166278850520E-07
358200 5.839266059512E+00 -9.166278850520E-07
358500 5.840143023802E+00 -9.166278850520E-07
358800 5.841019988092E+00 -9.166278850520E-07
359100 5.841896952382E+00 -9.166278850520E-07
359400 5.842773916672E+00 -9.166278850520E-07
359700 5.843650880962E+00 -9.166278850520E-07
360000 5.844527845252E+00 -9.166278850520E-07
360300 5.843658238516E+00 2.923214300035E-06
360600 5.842788631781E+00 2.923214300035E-06
360900 5.841919025045E+00 2.923214300035E-06
361200 5.841049418310E+00 2.923214300035E-06
361500 5.840179811574E+00 2.923214300035E-06
361800 5.839310204838E+00 2.923214300035E-06
362100 5.838440598103E+00 2.923214300035E-06
362400 5.837570991367E+00 2.923214300035E-06
362700 5.836701384631E+00 2.923214300035E-06
363000 5.835831777896E+00 2.923214300035E-06
363300 5.834962171160E+00 2.923214300035E-06
363600 5.834092564425E+00  -2.898689118748E-06
363900 5.833938561358E+00  -2.898689118748E-06
364200 5.833784558292E+00  -2.898689118748E-06
364500 5.833630555226E+00  -2.898689118748E-06
364800 5.833476552160E+00  -2.898689118748E-06
365100 5.833322549094E+00  -2.898689118748E-06
365400 5.833168546028E+00  -2.898689118748E-06
365700 5.833014542961E+00  -2.898689118748E-06
366000 5.832860539895E+00  -2.898689118748E-06
366300 5.832706536829E+00  -2.898689118748E-06
366600 5.832552533763E+00  -2.898689118748E-06
366900 5.832398530697E+00  -2.898689118748E-06
367200 5.832244527630E+00  -5.133435539396E-07
367500 5.832925436565E+00  -5.133435539396E-07
367800 5.833606345499E+00  -5.133435539396E-07
368100 5.834287254433E+00  -5.133435539396E-07
368400 5.834968163368E+00  -5.133435539396E-07
368700 5.835649072302E+00  -5.133435539396E-07
369000 5.836329981236E+00  -5.133435539396E-07
369300 5.837010890171E+00  -5.133435539396E-07
369600 5.837691799105E+00  -5.133435539396E-07
369900 5.838372708039E+00  -5.133435539396E-07
370200 5.839053616974E+00  -5.133435539396E-07
370500 5.839734525908E+00  -5.133435539396E-07
370800 5.840415434842E+00  -5.133435539396E-07
371100 5.839803970323E+00  2.269696447795E-06
371400 5.839192505803E+00  2.269696447795E-06
371700 5.838581041284E+00  2.269696447795E-06
372000 5.837969576764E+00  2.269696447795E-06
372300 5.837358112245E+00  2.269696447795E-06
372600 5.836746647725E+00  2.269696447795E-06
372900 5.836135183205E+00  2.269696447795E-06
373200 5.835523718686E+00  2.269696447795E-06
373500 5.834912254166E+00  2.269696447795E-06
373800 5.834300789647E+00  2.269696447795E-06
374100 5.833689325127E+00  2.269696447795E-06
374400 5.833077860608E+00  -2.038215065272E-06
374700 5.834135610536E+00  -2.038215065272E-06
375000 5.835193360465E+00  -2.038215065272E-06
375300 5.836251110393E+00  -2.038215065272E-06
375600 5.837308860322E+00  -2.038215065272E-06
375900 5.838366610250E+00  -2.038215065272E-06
376200 5.839424360179E+00  -2.038215065272E-06
376500 5.840482110107E+00  -2.038215065272E-06
376800 5.841539860036E+00  -2.038215065272E-06
377100 5.842597609964E+00  -2.038215065272E-06
377400 5.843655359893E+00  -2.038215065272E-06
377700 5.844713109821E+00  -2.038215065272E-06
378000 5.845770859750E+00  3.525833095062E-06
378300 5.845721020084E+00  3.525833095062E-06
378600 5.845671180419E+00  3.525833095062E-06
378900 5.845621340754E+00  3.525833095062E-06
379200 5.845571501089E+00  3.525833095062E-06
379500 5.845521661423E+00  3.525833095062E-06
379800 5.845471821758E+00  3.525833095062E-06
380100 5.845421982093E+00  3.525833095062E-06
380400 5.845372142428E+00  3.525833095062E-06
380700 5.845322302762E+00  3.525833095062E-06
381000 5.845272463097E+00  3.525833095062E-06
381300 5.845222623432E+00  3.525833095062E-06
381600 5.845172783767E+00  3.525833095062E-06
381900 5.845217858569E+00 -1.661322175152E-07
382200 5.845262933372E+00 -1.661322175152E-07
382500 5.845308008175E+00 -1.661322175152E-07
382800 5.845353082978E+00 -1.661322175152E-07
383100 5.845398157780E+00 -1.661322175152E-07
383400 5.845443232583E+00 -1.661322175152E-07
383700 5.845488307386E+00 -1.661322175152E-07
384000 5.845533382189E+00 -1.661322175152E-07
384300 5.845578456991E+00 -1.661322175152E-07
384600 5.845623531794E+00 -1.661322175152E-07
384900 5.845668606597E+00 -1.661322175152E-07
385200 5.845713681399E+00 1.502493424442E-07
385500 5.846602629541E+00 1.502493424442E-07
385800 5.847491577683E+00 1.502493424442E-07
386100 5.848380525825E+00 1.502493424442E-07
386400 5.849269473966E+00 1.502493424442E-07
386700 5.850158422108E+00 1.502493424442E-07
387000 5.851047370250E+00 1.502493424442E-07
387300 5.851936318391E+00 1.502493424442E-07
387600 5.852825266533E+00 1.502493424442E-07
387900 5.853714214675E+00 1.502493424442E-07
388200 5.854603162816E+00 1.502493424442E-07
388500 5.855492110958E+00 1.502493424442E-07
388800 5.856381059100E+00  2.963160472313E-06
389100 5.856573516682E+00  2.963160472313E-06
389400 5.856765974264E+00  2.963160472313E-06
389700 5.856958431846E+00  2.963160472313E-06
390000 5.857150889428E+00  2.963160472313E-06
390300 5.857343347010E+00  2.963160472313E-06
390600 5.857535804592E+00  2.963160472313E-06
390900 5.857728262175E+00  2.963160472313E-06
391200 5.857920719757E+00  2.963160472313E-06
391500 5.858113177339E+00  2.963160472313E-06
391800 5.858305634921E+00  2.963160472313E-06
392100 5.858498092503E+00  2.963160472313E-06
392400 5.858690550085E+00  2.963160472313E-06
392700 5.859663585757E+00 6.415252736813E-07
393000 5.860636621430E+00 6.415252736813E-07
393300 5.861609657102E+00 6.415252736813E-07
393600 5.862582692774E+00 6.415252736813E-07
393900 5.863555728447E+00 6.415252736813E-07
394200 5.864528764119E+00 6.415252736813E-07
394500 5.865501799791E+00 6.415252736813E-07
394800 5.866474835463E+00 6.415252736813E-07
395100 5.867447871136E+00 6.415252736813E-07
395400 5.868420906808E+00 6.415252736813E-07
395700 5.869393942480E+00 6.415252736813E-07
396000 5.870366978153E+00  3.243452241006E-06
396300 5.868661251936E+00  3.243452241006E-06
396600 5.866955525719E+00  3.243452241006E-06
396900 5.865249799502E+00  3.243452241006E-06
397200 5.863544073285E+00  3.243452241006E-06
397500 5.861838347068E+00  3.243452241006E-06
397800 5.860132620851E+00  3.243452241006E-06
398100 5.858426894634E+00  3.243452241006E-06
398400 5.856721168417E+00  3.243452241006E-06
398700 5.855015442200E+00  3.243452241006E-06
399000 5.853309715983E+00  3.243452241006E-06
399300 5.851603989767E+00  3.243452241006E-06
399600 5.849898263550E+00 -5.685754056394E-06
399900 5.849345537745E+00 -5.685754056394E-06
400200 5.848792811940E+00 -5.685754056394E-06
400500 5.848240086135E+00 -5.685754056394E-06
400800 5.847687360330E+00 -5.685754056394E-06
401100 5.847134634526E+00 -5.685754056394E-06
401400 5.846581908721E+00 -5.685754056394E-06
401700 5.846029182916E+00 -5.685754056394E-06
402000 5.845476457111E+00 -5.685754056394E-06
402300 5.844923731306E+00 -5.685754056394E-06
402600 5.844371005502E+00 -5.685754056394E-06
402900 5.843818279697E+00 -5.685754056394E-06
403200 5.843265553892E+00 -5.685754056394E-06
403500 5.841159231128E+00  -1.842419349346E-06
403800 5.839052908363E+00  -1.842419349346E-06
404100 5.836946585598E+00  -1.842419349346E-06
404400 5.834840262834E+00  -1.842419349346E-06
404700 5.832733940069E+00  -1.842419349346E-06
405000 5.830627617305E+00  -1.842419349346E-06
405300 5.828521294540E+00  -1.842419349346E-06
405600 5.826414971776E+00  -1.842419349346E-06
405900 5.824308649011E+00  -1.842419349346E-06
406200 5.822202326247E+00  -1.842419349346E-06
406500 5.820096003482E+00  -1.842419349346E-06
406800 5.817989680718E+00 -7.021075881707E-06
407100 5.819097036669E+00 -7.021075881707E-06
407400 5.820204392619E+00 -7.021075881707E-06
407700 5.821311748570E+00 -7.021075881707E-06
408000 5.822419104520E+00 -7.021075881707E-06
408300 5.823526460471E+00 -7.021075881707E-06
408600 5.824633816422E+00 -7.021075881707E-06
408900 5.825741172372E+00 -7.021075881707E-06
409200 5.826848528323E+00 -7.021075881707E-06
409500 5.827955884274E+00 -7.021075881707E-06
409800 5.829063240224E+00 -7.021075881707E-06
410100 5.830170596175E+00 -7.021075881707E-06
410400 5.831277952125E+00 3.691186502108E-06
410700 5.831855581010E+00 3.691186502108E-06
411000 5.832433209895E+00 3.691186502108E-06
411300 5.833010838780E+00 3.691186502108E-06
411600 5.833588467665E+00 3.691186502108E-06
411900 5.834166096549E+00 3.691186502108E-06
412200 5.834743725434E+00 3.691186502108E-06
412500 5.835321354319E+00 3.691186502108E-06
412800 5.835898983204E+00 3.691186502108E-06
413100 5.836476612089E+00 3.691186502108E-06
413400 5.837054240973E+00 3.691186502108E-06
413700 5.837631869858E+00 3.691186502108E-06
414000 5.838209498743E+00 3.691186502108E-06
414300 5.837645454931E+00 1.925429616010E-06
414600 5.837081411119E+00 1.925429616010E-06
414900 5.836517367307E+00 1.925429616010E-06
415200 5.835953323495E+00 1.925429616010E-06
415500 5.835389279682E+00 1.925429616010E-06
415800 5.834825235870E+00 1.925429616010E-06
416100 5.834261192058E+00 1.925429616010E-06
416400 5.833697148246E+00 1.925429616010E-06
416700 5.833133104434E+00 1.925429616010E-06
417000 5.832569060622E+00 1.925429616010E-06
417300 5.832005016810E+00 1.925429616010E-06
417600 5.831440972997E+00  -1.880146040465E-06
417900 5.832902140126E+00  -1.880146040465E-06
418200 5.834363307255E+00  -1.880146040465E-06
418500 5.835824474384E+00  -1.880146040465E-06
418800 5.837285641512E+00  -1.880146040465E-06
419100 5.838746808641E+00  -1.880146040465E-06
419400 5.840207975770E+00  -1.880146040465E-06
419700 5.841669142899E+00  -1.880146040465E-06
420000 5.843130310027E+00  -1.880146040465E-06
420300 5.844591477156E+00  -1.880146040465E-06
420600 5.846052644285E+00  -1.880146040465E-06
420900 5.847513811414E+00  -1.880146040465E-06
421200 5.848974978542E+00  4.870557095782E-06
421500 5.848837840484E+00  4.870557095782E-06
421800 5.848700702425E+00  4.870557095782E-06
422100 5.848563564367E+00  4.870557095782E-06
422400 5.848426426308E+00  4.870557095782E-06
422700 5.848289288250E+00  4.870557095782E-06
423000 5.848152150191E+00  4.870557095782E-06
423300 5.848015012133E+00  4.870557095782E-06
423600 5.847877874074E+00  4.870557095782E-06
423900 5.847740736016E+00  4.870557095782E-06
424200 5.847603597957E+00  4.870557095782E-06
424500 5.847466459899E+00  4.870557095782E-06
424800 5.847329321840E+00  4.870557095782E-06
425100 5.846966907525E+00  -4.571268617242E-07
425400 5.846604493210E+00  -4.571268617242E-07
425700 5.846242078896E+00  -4.571268617242E-07
426000 5.845879664581E+00  -4.571268617242E-07
426300 5.845517250266E+00  -4.571268617242E-07
426600 5.845154835951E+00  -4.571268617242E-07
426900 5.844792421636E+00  -4.571268617242E-07
427200 5.844430007322E+00  -4.571268617242E-07
427500 5.844067593007E+00  -4.571268617242E-07
427800 5.843705178692E+00  -4.571268617242E-07
428100 5.843342764377E+00  -4.571268617242E-07
428400 5.842980350062E+00 -1.208047716018E-06
428700 5.842966231217E+00 -1.208047716018E-06
429000 5.842952112371E+00 -1.208047716018E-06
429300 5.842937993526E+00 -1.208047716018E-06
429600 5.842923874680E+00 -1.208047716018E-06
429900 5.842909755835E+00 -1.208047716018E-06
430200 5.842895636989E+00 -1.208047716018E-06
430500 5.842881518144E+00 -1.208047716018E-06
430800 5.842867399298E+00 -1.208047716018E-06
431100 5.842853280453E+00 -1.208047716018E-06
431400 5.842839161607E+00 -1.208047716018E-06
431700 5.842825042761E+00 -1.208047716018E-06
432000 5.842810923916E+00  -4.706281845272E-08
432300 5.841570787272E+00  -4.706281845272E-08
432600 5.840330650628E+00  -4.706281845272E-08
432900 5.839090513985E+00  -4.706281845272E-08
433200 5.837850377341E+00  -4.706281845272E-08
433500 5.836610240697E+00  -4.706281845272E-08
433800 5.835370104053E+00  -4.706281845272E-08
434100 5.834129967409E+00  -4.706281845272E-08
434400 5.832889830766E+00  -4.706281845272E-08
434700 5.831649694122E+00  -4.706281845272E-08
435000 5.830409557478E+00  -4.706281845272E-08
435300 5.829169420834E+00  -4.706281845272E-08
435600 5.827929284191E+00  -4.706281845272E-08
435900 5.828579208792E+00 -4.133788812595E-06
436200 5.829229133393E+00 -4.133788812595E-06
436500 5.829879057994E+00 -4.133788812595E-06
436800 5.830528982595E+00 -4.133788812595E-06
437100 5.831178907197E+00 -4.133788812595E-06
437400 5.831828831798E+00 -4.133788812595E-06
437700 5.832478756399E+00 -4.133788812595E-06
438000 5.833128681000E+00 -4.133788812595E-06
438300 5.833778605602E+00 -4.133788812595E-06
438600 5.834428530203E+00 -4.133788812595E-06
438900 5.835078454804E+00 -4.133788812595E-06
439200 5.835728379405E+00  2.166415337393E-06
439500 5.839256241306E+00  2.166415337393E-06
439800 5.842784103206E+00  2.166415337393E-06
440100 5.846311965107E+00  2.166415337393E-06
440400 5.849839827007E+00  2.166415337393E-06
440700 5.853367688908E+00  2.166415337393E-06
441000 5.856895550808E+00  2.166415337393E-06
441300 5.860423412709E+00  2.166415337393E-06
441600 5.863951274610E+00  2.166415337393E-06
441900 5.867479136510E+00  2.166415337393E-06
442200 5.871006998411E+00  2.166415337393E-06
442500 5.874534860311E+00  2.166415337393E-06
442800 5.878062722212E+00 1.175953966847E-05
443100 5.878550757887E+00 1.175953966847E-05
443400 5.879038793563E+00 1.175953966847E-05
443700 5.879526829238E+00 1.175953966847E-05
444000 5.880014864914E+00 1.175953966847E-05
444300 5.880502900589E+00 1.175953966847E-05
444600 5.880990936265E+00 1.175953966847E-05
444900 5.881478971940E+00 1.175953966847E-05
445200 5.881967007615E+00 1.175953966847E-05
445500 5.882455043291E+00 1.175953966847E-05
445800 5.882943078966E+00 1.175953966847E-05
446100 5.883431114642E+00 1.175953966847E-05
446400 5.883919150317E+00 1.175953966847E-05
446700 5.881075167705E+00  1.626785584908E-06
447000 5.878231185093E+00  1.626785584908E-06
447300 5.875387202481E+00  1.626785584908E-06
447600 5.872543219869E+00  1.626785584908E-06
447900 5.869699237257E+00  1.626785584908E-06
448200 5.866855254645E+00  1.626785584908E-06
448500 5.864011272033E+00  1.626785584908E-06
448800 5.861167289420E+00  1.626785584908E-06
449100 5.858323306808E+00  1.626785584908E-06
449400 5.855479324196E+00  1.626785584908E-06
449700 5.852635341584E+00  1.626785584908E-06
450000 5.849791358972E+00 -9.479942040361E-06
450300 5.847724142278E+00 -9.479942040361E-06
450600 5.845656925585E+00 -9.479942040361E-06
450900 5.843589708891E+00 -9.479942040361E-06
451200 5.841522492197E+00 -9.479942040361E-06
451500 5.839455275503E+00 -9.479942040361E-06
451800 5.837388058809E+00 -9.479942040361E-06
452100 5.835320842116E+00 -9.479942040361E-06
452400 5.833253625422E+00 -9.479942040361E-06
452700 5.831186408728E+00 -9.479942040361E-06
453000 5.829119192034E+00 -9.479942040361E-06
453300 5.827051975341E+00 -9.479942040361E-06
453600 5.824984758647E+00  -6.890722312581E-06
453900 5.823900742990E+00  -6.890722312581E-06
454200 5.822816727334E+00  -6.890722312581E-06
454500 5.821732711677E+00  -6.890722312581E-06
454800 5.820648696021E+00  -6.890722312581E-06
455100 5.819564680364E+00  -6.890722312581E-06
455400 5.818480664707E+00  -6.890722312581E-06
455700 5.817396649051E+00  -6.890722312581E-06
456000 5.816312633394E+00  -6.890722312581E-06
456300 5.815228617738E+00  -6.890722312581E-06
456600 5.814144602081E+00  -6.890722312581E-06
456900 5.813060586425E+00  -6.890722312581E-06
457200 5.811976570768E+00  -6.890722312581E-06
457500 5.810623149361E+00 -3.613385521848E-06
457800 5.809269727954E+00 -3.613385521848E-06
458100 5.807916306547E+00 -3.613385521848E-06
458400 5.806562885139E+00 -3.613385521848E-06
458700 5.805209463732E+00 -3.613385521848E-06
459000 5.803856042325E+00 -3.613385521848E-06
459300 5.802502620918E+00 -3.613385521848E-06
459600 5.801149199510E+00 -3.613385521848E-06
459900 5.799795778103E+00 -3.613385521848E-06
460200 5.798442356696E+00 -3.613385521848E-06
460500 5.797088935289E+00 -3.613385521848E-06
460800 5.795735513882E+00 -4.511404690684E-06
461100 5.795347979358E+00 -4.511404690684E-06
461400 5.794960444834E+00 -4.511404690684E-06
461700 5.794572910310E+00 -4.511404690684E-06
462000 5.794185375787E+00 -4.511404690684E-06
462300 5.793797841263E+00 -4.511404690684E-06
462600 5.793410306739E+00 -4.511404690684E-06
462900 5.793022772215E+00 -4.511404690684E-06
463200 5.792635237691E+00 -4.511404690684E-06
463500 5.792247703168E+00 -4.511404690684E-06
463800 5.791860168644E+00 -4.511404690684E-06
464100 5.791472634120E+00 -4.511404690684E-06
464400 5.791085099596E+00 -1.291781745915E-06
464700 5.790545860143E+00 -1.291781745915E-06
465000 5.790006620691E+00 -1.291781745915E-06
465300 5.789467381238E+00 -1.291781745915E-06
465600 5.788928141785E+00 -1.291781745915E-06
465900 5.788388902332E+00 -1.291781745915E-06
466200 5.787849662879E+00 -1.291781745915E-06
466500 5.787310423426E+00 -1.291781745915E-06
466800 5.786771183973E+00 -1.291781745915E-06
467100 5.786231944520E+00 -1.291781745915E-06
467400 5.785692705067E+00 -1.291781745915E-06
467700 5.785153465615E+00 -1.291781745915E-06
468000 5.784614226162E+00 -1.291781745915E-06
468300 5.785014888164E+00  -1.797464842961E-06
468600 5.785415550166E+00  -1.797464842961E-06
468900 5.785816212167E+00  -1.797464842961E-06
469200 5.786216874169E+00  -1.797464842961E-06
469500 5.786617536171E+00  -1.797464842961E-06
469800 5.787018198173E+00  -1.797464842961E-06
470100 5.787418860175E+00  -1.797464842961E-06
470400 5.787819522177E+00  -1.797464842961E-06
470700 5.788220184179E+00  -1.797464842961E-06
471000 5.788620846181E+00  -1.797464842961E-06
471300 5.789021508183E+00  -1.797464842961E-06
471600 5.789422170185E+00  1.335540006431E-06
471900 5.789357989806E+00  1.335540006431E-06
472200 5.789293809427E+00  1.335540006431E-06
472500 5.789229629048E+00  1.335540006431E-06
472800 5.789165448669E+00  1.335540006431E-06
473100 5.789101268290E+00  1.335540006431E-06
473400 5.789037087911E+00  1.335540006431E-06
473700 5.788972907532E+00  1.335540006431E-06
474000 5.788908727153E+00  1.335540006431E-06
474300 5.788844546774E+00  1.335540006431E-06
474600 5.788780366395E+00  1.335540006431E-06
474900 5.788716186016E+00  1.335540006431E-06
475200 5.788652005637E+00 -2.139345965347E-07
475500 5.789280530248E+00 -2.139345965347E-07
475800 5.789909054858E+00 -2.139345965347E-07
476100 5.790537579468E+00 -2.139345965347E-07
476400 5.791166104079E+00 -2.139345965347E-07
476700 5.791794628689E+00 -2.139345965347E-07
477000 5.792423153300E+00 -2.139345965347E-07
477300 5.793051677910E+00 -2.139345965347E-07
477600 5.793680202520E+00 -2.139345965347E-07
477900 5.794308727131E+00 -2.139345965347E-07
478200 5.794937251741E+00 -2.139345965347E-07
478500 5.795565776351E+00 -2.139345965347E-07
478800 5.796194300962E+00 -2.139345965347E-07
479100 5.795121124382E+00 2.095082034563E-06
479400 5.794047947802E+00 2.095082034563E-06
479700 5.792974771222E+00 2.095082034563E-06
480000 5.791901594642E+00 2.095082034563E-06
480300 5.790828418063E+00 2.095082034563E-06
480600 5.789755241483E+00 2.095082034563E-06
480900 5.788682064903E+00 2.095082034563E-06
481200 5.787608888323E+00 2.095082034563E-06
481500 5.786535711743E+00 2.095082034563E-06
481800 5.785462535164E+00 2.095082034563E-06
482100 5.784389358584E+00 2.095082034563E-06
482400 5.783316182004E+00  -3.577255266065E-06
482700 5.785718946817E+00  -3.577255266065E-06
483000 5.788121711629E+00  -3.577255266065E-06
483300 5.790524476442E+00  -3.577255266065E-06
483600 5.792927241254E+00  -3.577255266065E-06
483900 5.795330006067E+00  -3.577255266065E-06
484200 5.797732770879E+00  -3.577255266065E-06
484500 5.800135535692E+00  -3.577255266065E-06
484800 5.802538300505E+00  -3.577255266065E-06
485100 5.804941065317E+00  -3.577255266065E-06
485400 5.807343830130E+00  -3.577255266065E-06
485700 5.809746594942E+00  -3.577255266065E-06
486000 5.812149359755E+00 8.009216041928E-06
486300 5.812784041961E+00 8.009216041928E-06
486600 5.813418724167E+00 8.009216041928E-06
486900 5.814053406374E+00 8.009216041928E-06
487200 5.814688088580E+00 8.009216041928E-06
487500 5.815322770786E+00 8.009216041928E-06
487800 5.815957452993E+00 8.009216041928E-06
488100 5.816592135199E+00 8.009216041928E-06
488400 5.817226817405E+00 8.009216041928E-06
488700 5.817861499612E+00 8.009216041928E-06
489000 5.818496181818E+00 8.009216041928E-06
489300 5.819130864024E+00 8.009216041928E-06
489600 5.819765546231E+00 8.009216041928E-06
489900 5.818666750012E+00  2.115607354375E-06
490200 5.817567953793E+00  2.115607354375E-06
490500 5.816469157574E+00  2.115607354375E-06
490800 5.815370361356E+00  2.115607354375E-06
491100 5.814271565137E+00  2.115607354375E-06
491400 5.813172768918E+00  2.115607354375E-06
491700 5.812073972699E+00  2.115607354375E-06
492000 5.810975176481E+00  2.115607354375E-06
492300 5.809876380262E+00  2.115607354375E-06
492600 5.808777584043E+00  2.115607354375E-06
492900 5.807678787824E+00  2.115607354375E-06
493200 5.806579991605E+00  -3.662654062532E-06
493500 5.808589209493E+00  -3.662654062532E-06
493800 5.810598427381E+00  -3.662654062532E-06
494100 5.812607645269E+00  -3.662654062532E-06
494400 5.814616863157E+00  -3.662654062532E-06
494700 5.816626081045E+00  -3.662654062532E-06
495000 5.818635298933E+00  -3.662654062532E-06
495300 5.820644516821E+00  -3.662654062532E-06
495600 5.822653734709E+00  -3.662654062532E-06
495900 5.824662952597E+00  -3.662654062532E-06
496200 5.826672170485E+00  -3.662654062532E-06
496500 5.828681388373E+00  -3.662654062532E-06
496800 5.830690606261E+00 6.697392959855E-06
497100 5.829369877083E+00 6.697392959855E-06
497400 5.828049147905E+00 6.697392959855E-06
497700 5.826728418726E+00 6.697392959855E-06
498000 5.825407689548E+00 6.697392959855E-06
498300 5.824086960370E+00 6.697392959855E-06
498600 5.822766231192E+00 6.697392959855E-06
498900 5.821445502014E+00 6.697392959855E-06
499200 5.820124772835E+00 6.697392959855E-06
499500 5.818804043657E+00 6.697392959855E-06
499800 5.817483314479E+00 6.697392959855E-06
500100 5.816162585301E+00 6.697392959855E-06
500400 5.814841856123E+00 6.697392959855E-06
500700 5.815078382624E+00  -4.402430593993E-06
501000 5.815314909126E+00  -4.402430593993E-06
501300 5.815551435627E+00  -4.402430593993E-06
501600 5.815787962129E+00  -4.402430593993E-06
501900 5.816024488631E+00  -4.402430593993E-06
502200 5.816261015132E+00  -4.402430593993E-06
502500 5.816497541634E+00  -4.402430593993E-06
502800 5.816734068136E+00  -4.402430593993E-06
503100 5.816970594637E+00  -4.402430593993E-06
503400 5.817207121139E+00  -4.402430593993E-06
503700 5.817443647640E+00  -4.402430593993E-06
504000 5.817680174142E+00 7.884216720619E-07
504300 5.817936724694E+00 7.884216720619E-07
504600 5.818193275246E+00 7.884216720619E-07
504900 5.818449825798E+00 7.884216720619E-07
505200 5.818706376350E+00 7.884216720619E-07
505500 5.818962926902E+00 7.884216720619E-07
505800 5.819219477455E+00 7.884216720619E-07
506100 5.819476028007E+00 7.884216720619E-07
506400 5.819732578559E+00 7.884216720619E-07
506700 5.819989129111E+00 7.884216720619E-07
507000 5.820245679663E+00 7.884216720619E-07
507300 5.820502230215E+00 7.884216720619E-07
507600 5.820758780767E+00 8.551685069529E-07
507900 5.822410853700E+00 8.551685069529E-07
508200 5.824062926634E+00 8.551685069529E-07
508500 5.825714999567E+00 8.551685069529E-07
508800 5.827367072501E+00 8.551685069529E-07
509100 5.829019145434E+00 8.551685069529E-07
509400 5.830671218368E+00 8.551685069529E-07
509700 5.832323291301E+00 8.551685069529E-07
510000 5.833975364234E+00 8.551685069529E-07
510300 5.835627437168E+00 8.551685069529E-07
510600 5.837279510101E+00 8.551685069529E-07
510900 5.838931583035E+00 8.551685069529E-07
511200 5.840583655968E+00 8.551685069529E-07
511500 5.840109472618E+00 5.506909778069E-06
511800 5.839635289269E+00 5.506909778069E-06
512100 5.839161105919E+00 5.506909778069E-06
512400 5.838686922569E+00 5.506909778069E-06
512700 5.838212739220E+00 5.506909778069E-06
513000 5.837738555870E+00 5.506909778069E-06
513300 5.837264372520E+00 5.506909778069E-06
513600 5.836790189171E+00 5.506909778069E-06
513900 5.836316005821E+00 5.506909778069E-06
514200 5.835841822471E+00 5.506909778069E-06
514500 5.835367639122E+00 5.506909778069E-06
514800 5.834893455772E+00  -1.580611165554E-06
515100 5.833612792061E+00  -1.580611165554E-06
515400 5.832332128349E+00  -1.580611165554E-06
515700 5.831051464638E+00  -1.580611165554E-06
516000 5.829770800927E+00  -1.580611165554E-06
516300 5.828490137215E+00  -1.580611165554E-06
516600 5.827209473504E+00  -1.580611165554E-06
516900 5.825928809793E+00  -1.580611165554E-06
517200 5.824648146081E+00  -1.580611165554E-06
517500 5.823367482370E+00  -1.580611165554E-06
517800 5.822086818659E+00  -1.580611165554E-06
518100 5.820806154947E+00  -1.580611165554E-06
518400 5.819525491236E+00 -4.268879037796E-06
518700 5.817961053135E+00 -4.268879037796E-06
519000 5.816396615035E+00 -4.268879037796E-06
519300 5.814832176934E+00 -4.268879037796E-06
519600 5.813267738833E+00 -4.268879037796E-06
519900 5.811703300733E+00 -4.268879037796E-06
520200 5.810138862632E+00 -4.268879037796E-06
520500 5.808574424531E+00 -4.268879037796E-06
520800 5.807009986430E+00 -4.268879037796E-06
521100 5.805445548330E+00 -4.268879037796E-06
521400 5.803881110229E+00 -4.268879037796E-06
521700 5.802316672128E+00 -4.268879037796E-06
522000 5.800752234028E+00 -4.268879037796E-06
522300 5.799772669937E+00  -5.214793669019E-06
522600 5.798793105846E+00  -5.214793669019E-06
522900 5.797813541756E+00  -5.214793669019E-06
523200 5.796833977665E+00  -5.214793669019E-06
523500 5.795854413574E+00  -5.214793669019E-06
523800 5.794874849484E+00  -5.214793669019E-06
524100 5.793895285393E+00  -5.214793669019E-06
524400 5.792915721302E+00  -5.214793669019E-06
524700 5.791936157212E+00  -5.214793669019E-06
525000 5.790956593121E+00  -5.214793669019E-06
525300 5.789977029030E+00  -5.214793669019E-06
525600 5.788997464940E+00  -3.265213635529E-06
525900 5.790317451972E+00  -3.265213635529E-06
526200 5.791637439005E+00  -3.265213635529E-06
526500 5.792957426037E+00  -3.265213635529E-06
526800 5.794277413069E+00  -3.265213635529E-06
527100 5.795597400102E+00  -3.265213635529E-06
527400 5.796917387134E+00  -3.265213635529E-06
527700 5.798237374167E+00  -3.265213635529E-06
528000 5.799557361199E+00  -3.265213635529E-06
528300 5.800877348232E+00  -3.265213635529E-06
528600 5.802197335264E+00  -3.265213635529E-06
528900 5.803517322297E+00  -3.265213635529E-06
529200 5.804837309329E+00 4.399956774799E-06
529500 5.806476507558E+00 4.399956774799E-06
529800 5.808115705788E+00 4.399956774799E-06
530100 5.809754904018E+00 4.399956774799E-06
530400 5.811394102247E+00 4.399956774799E-06
530700 5.813033300477E+00 4.399956774799E-06
531000 5.814672498706E+00 4.399956774799E-06
531300 5.816311696936E+00 4.399956774799E-06
531600 5.817950895165E+00 4.399956774799E-06
531900 5.819590093395E+00 4.399956774799E-06
532200 5.821229291624E+00 4.399956774799E-06
532500 5.822868489854E+00 4.399956774799E-06
532800 5.824507688083E+00 4.399956774799E-06
533100 5.822375132235E+00  5.463994098457E-06
533400 5.820242576386E+00  5.463994098457E-06
533700 5.818110020538E+00  5.463994098457E-06
534000 5.815977464689E+00  5.463994098457E-06
534300 5.813844908841E+00  5.463994098457E-06
534600 5.811712352993E+00  5.463994098457E-06
534900 5.809579797144E+00  5.463994098457E-06
535200 5.807447241296E+00  5.463994098457E-06
535500 5.805314685447E+00  5.463994098457E-06
535800 5.803182129599E+00  5.463994098457E-06
536100 5.801049573750E+00  5.463994098457E-06
536400 5.798917017902E+00  -7.108519494928E-06
536700 5.800971543839E+00  -7.108519494928E-06
537000 5.803026069777E+00  -7.108519494928E-06
537300 5.805080595715E+00  -7.108519494928E-06
537600 5.807135121652E+00  -7.108519494928E-06
537900 5.809189647590E+00  -7.108519494928E-06
538200 5.811244173527E+00  -7.108519494928E-06
538500 5.813298699465E+00  -7.108519494928E-06
538800 5.815353225403E+00  -7.108519494928E-06
539100 5.817407751340E+00  -7.108519494928E-06
539400 5.819462277278E+00  -7.108519494928E-06
539700 5.821516803215E+00  -7.108519494928E-06
540000 5.823571329153E+00  6.848419792057E-06
540300 5.822146796862E+00  6.848419792057E-06
540600 5.820722264572E+00  6.848419792057E-06
540900 5.819297732281E+00  6.848419792057E-06
541200 5.817873199990E+00  6.848419792057E-06
541500 5.816448667699E+00  6.848419792057E-06
541800 5.815024135409E+00  6.848419792057E-06
542100 5.813599603118E+00  6.848419792057E-06
542400 5.812175070827E+00  6.848419792057E-06
542700 5.810750538536E+00  6.848419792057E-06
543000 5.809326006246E+00  6.848419792057E-06
543300 5.807901473955E+00  6.848419792057E-06
543600 5.806476941664E+00  6.848419792057E-06
543900 5.805401238344E+00  -4.748440969183E-06
544200 5.804325535025E+00  -4.748440969183E-06
544500 5.803249831705E+00  -4.748440969183E-06
544800 5.802174128386E+00  -4.748440969183E-06
545100 5.801098425066E+00  -4.748440969183E-06
545400 5.800022721747E+00  -4.748440969183E-06
545700 5.798947018427E+00  -4.748440969183E-06
546000 5.797871315108E+00  -4.748440969183E-06
546300 5.796795611788E+00  -4.748440969183E-06
546600 5.795719908468E+00  -4.748440969183E-06
546900 5.794644205149E+00  -4.748440969183E-06
547200 5.793568501829E+00  -3.585677731844E-06
547500 5.792689921728E+00  -3.585677731844E-06
547800 5.791811341626E+00  -3.585677731844E-06
548100 5.790932761524E+00  -3.585677731844E-06
548400 5.790054181423E+00  -3.585677731844E-06
548700 5.789175601321E+00  -3.585677731844E-06
549000 5.788297021219E+00  -3.585677731844E-06
549300 5.787418441118E+00  -3.585677731844E-06
549600 5.786539861016E+00  -3.585677731844E-06
549900 5.785661280914E+00  -3.585677731844E-06
550200 5.784782700812E+00  -3.585677731844E-06
550500 5.783904120711E+00  -3.585677731844E-06
550800 5.783025540609E+00  -2.928600338971E-06
551100 5.782651247214E+00  -2.928600338971E-06
551400 5.782276953818E+00  -2.928600338971E-06
551700 5.781902660423E+00  -2.928600338971E-06
552000 5.781528367027E+00  -2.928600338971E-06
552300 5.781154073632E+00  -2.928600338971E-06
552600 5.780779780237E+00  -2.928600338971E-06
552900 5.780405486841E+00  -2.928600338971E-06
553200 5.780031193446E+00  -2.928600338971E-06
553500 5.779656900051E+00  -2.928600338971E-06
553800 5.779282606655E+00  -2.928600338971E-06
554100 5.778908313260E+00  -2.928600338971E-06
554400 5.778534019864E+00  -2.928600338971E-06
554700 5.778883546831E+00  -1.247644651310E-06
555000 5.779233073798E+00  -1.247644651310E-06
555300 5.779582600765E+00  -1.247644651310E-06
555600 5.779932127732E+00  -1.247644651310E-06
555900 5.780281654699E+00  -1.247644651310E-06
556200 5.780631181666E+00  -1.247644651310E-06
556500 5.780980708633E+00  -1.247644651310E-06
556800 5.781330235600E+00  -1.247644651310E-06
557100 5.781679762568E+00  -1.247644651310E-06
557400 5.782029289535E+00  -1.247644651310E-06
557700 5.782378816502E+00  -1.247644651310E-06
558000 5.782728343469E+00  1.165089890057E-06
558300 5.783471437331E+00  1.165089890057E-06
558600 5.784214531193E+00  1.165089890057E-06
558900 5.784957625055E+00  1.165089890057E-06
559200 5.785700718917E+00  1.165089890057E-06
559500 5.786443812779E+00  1.165089890057E-06
559800 5.787186906641E+00  1.165089890057E-06
560100 5.787930000503E+00  1.165089890057E-06
560400 5.788673094365E+00  1.165089890057E-06
560700 5.789416188227E+00  1.165089890057E-06
561000 5.790159282090E+00  1.165089890057E-06
561300 5.790902375952E+00  1.165089890057E-06
561600 5.791645469814E+00 2.476979540348E-06
561900 5.791071026778E+00 2.476979540348E-06
562200 5.790496583743E+00 2.476979540348E-06
562500 5.789922140708E+00 2.476979540348E-06
562800 5.789347697672E+00 2.476979540348E-06
563100 5.788773254637E+00 2.476979540348E-06
563400 5.788198811602E+00 2.476979540348E-06
563700 5.787624368566E+00 2.476979540348E-06
564000 5.787049925531E+00 2.476979540348E-06
564300 5.786475482495E+00 2.476979540348E-06
564600 5.785901039460E+00 2.476979540348E-06
564900 5.785326596425E+00 2.476979540348E-06
565200 5.784752153389E+00 2.476979540348E-06
565500 5.785775127896E+00 -1.914810117925E-06
565800 5.786798102403E+00 -1.914810117925E-06
566100 5.787821076910E+00 -1.914810117925E-06
566400 5.788844051417E+00 -1.914810117925E-06
566700 5.789867025924E+00 -1.914810117925E-06
567000 5.790890000431E+00 -1.914810117925E-06
567300 5.791912974938E+00 -1.914810117925E-06
567600 5.792935949445E+00 -1.914810117925E-06
567900 5.793958923952E+00 -1.914810117925E-06
568200 5.794981898459E+00 -1.914810117925E-06
568500 5.796004872966E+00 -1.914810117925E-06
568800 5.797027847473E+00 3.409915023314E-06
569100 5.797266585510E+00 3.409915023314E-06
569400 5.797505323547E+00 3.409915023314E-06
569700 5.797744061584E+00 3.409915023314E-06
570000 5.797982799621E+00 3.409915023314E-06
570300 5.798221537658E+00 3.409915023314E-06
570600 5.798460275695E+00 3.409915023314E-06
570900 5.798699013732E+00 3.409915023314E-06
571200 5.798937751769E+00 3.409915023314E-06
571500 5.799176489806E+00 3.409915023314E-06
571800 5.799415227843E+00 3.409915023314E-06
572100 5.799653965880E+00 3.409915023314E-06
572400 5.799892703917E+00  7.957934565709E-07
572700 5.802267878983E+00  7.957934565709E-07
573000 5.804643054050E+00  7.957934565709E-07
573300 5.807018229116E+00  7.957934565709E-07
573600 5.809393404182E+00  7.957934565709E-07
573900 5.811768579249E+00  7.957934565709E-07
574200 5.814143754315E+00  7.957934565709E-07
574500 5.816518929381E+00  7.957934565709E-07
574800 5.818894104448E+00  7.957934565709E-07
575100 5.821269279514E+00  7.957934565709E-07
575400 5.823644454581E+00  7.957934565709E-07
575700 5.826019629647E+00  7.957934565709E-07
576000 5.828394804713E+00  7.957934565709E-07
576300 5.828787629442E+00  7.917250221236E-06
576600 5.829180454171E+00  7.917250221236E-06
576900 5.829573278900E+00  7.917250221236E-06
577200 5.829966103629E+00  7.917250221236E-06
577500 5.830358928358E+00  7.917250221236E-06
577800 5.830751753087E+00  7.917250221236E-06
578100 5.831144577816E+00  7.917250221236E-06
578400 5.831537402545E+00  7.917250221236E-06
578700 5.831930227275E+00  7.917250221236E-06
579000 5.832323052004E+00  7.917250221236E-06
579300 5.832715876733E+00  7.917250221236E-06
579600 5.833108701462E+00 1.309415763410E-06
579900 5.834188417856E+00 1.309415763410E-06
580200 5.835268134251E+00 1.309415763410E-06
580500 5.836347850646E+00 1.309415763410E-06
580800 5.837427567040E+00 1.309415763410E-06
581100 5.838507283435E+00 1.309415763410E-06
581400 5.839586999830E+00 1.309415763410E-06
581700 5.840666716224E+00 1.309415763410E-06
582000 5.841746432619E+00 1.309415763410E-06
582300 5.842826149014E+00 1.309415763410E-06
582600 5.843905865408E+00 1.309415763410E-06
582900 5.844985581803E+00 1.309415763410E-06
583200 5.846065298198E+00 3.599054648888E-06
583500 5.846080249072E+00 3.599054648888E-06
583800 5.846095199946E+00 3.599054648888E-06
584100 5.846110150820E+00 3.599054648888E-06
584400 5.846125101694E+00 3.599054648888E-06
584700 5.846140052568E+00 3.599054648888E-06
585000 5.846155003442E+00 3.599054648888E-06
585300 5.846169954316E+00 3.599054648888E-06
585600 5.846184905190E+00 3.599054648888E-06
585900 5.846199856065E+00 3.599054648888E-06
586200 5.846214806939E+00 3.599054648888E-06
586500 5.846229757813E+00 3.599054648888E-06
586800 5.846244708687E+00 3.599054648888E-06
587100 5.843693509958E+00 4.983624704173E-08
587400 5.841142311229E+00 4.983624704173E-08
587700 5.838591112500E+00 4.983624704173E-08
588000 5.836039913771E+00 4.983624704173E-08
588300 5.833488715042E+00 4.983624704173E-08
588600 5.830937516313E+00 4.983624704173E-08
588900 5.828386317584E+00 4.983624704173E-08
589200 5.825835118855E+00 4.983624704173E-08
589500 5.823283920126E+00 4.983624704173E-08
589800 5.820732721397E+00 4.983624704173E-08
590100 5.818181522668E+00 4.983624704173E-08
590400 5.815630323939E+00 -8.503995763423E-06
590700 5.815739013386E+00 -8.503995763423E-06
591000 5.815847702833E+00 -8.503995763423E-06
591300 5.815956392281E+00 -8.503995763423E-06
591600 5.816065081728E+00 -8.503995763423E-06
591900 5.816173771175E+00 -8.503995763423E-06
592200 5.816282460623E+00 -8.503995763423E-06
592500 5.816391150070E+00 -8.503995763423E-06
592800 5.816499839517E+00 -8.503995763423E-06
593100 5.816608528965E+00 -8.503995763423E-06
593400 5.816717218412E+00 -8.503995763423E-06
593700 5.816825907859E+00 -8.503995763423E-06
594000 5.816934597307E+00  3.622981577646E-07
594300 5.816573680443E+00  3.622981577646E-07
594600 5.816212763579E+00  3.622981577646E-07
594900 5.815851846715E+00  3.622981577646E-07
595200 5.815490929852E+00  3.622981577646E-07
595500 5.815130012988E+00  3.622981577646E-07
595800 5.814769096124E+00  3.622981577646E-07
596100 5.814408179260E+00  3.622981577646E-07
596400 5.814047262397E+00  3.622981577646E-07
596700 5.813686345533E+00  3.622981577646E-07
597000 5.813325428669E+00  3.622981577646E-07
597300 5.812964511805E+00  3.622981577646E-07
597600 5.812603594942E+00  3.622981577646E-07
597900 5.811144173069E+00 -1.203056212490E-06
598200 5.809684751196E+00 -1.203056212490E-06
598500 5.808225329324E+00 -1.203056212490E-06
598800 5.806765907451E+00 -1.203056212490E-06
599100 5.805306485579E+00 -1.203056212490E-06
599400 5.803847063706E+00 -1.203056212490E-06
599700 5.802387641834E+00 -1.203056212490E-06
600000 5.800928219961E+00 -1.203056212490E-06
600300 5.799468798089E+00 -1.203056212490E-06
600600 5.798009376216E+00 -1.203056212490E-06
600900 5.796549954344E+00 -1.203056212490E-06
601200 5.795090532471E+00 -4.864739575180E-06
601500 5.796491507469E+00 -4.864739575180E-06
601800 5.797892482466E+00 -4.864739575180E-06
602100 5.799293457464E+00 -4.864739575180E-06
602400 5.800694432462E+00 -4.864739575180E-06
602700 5.802095407460E+00 -4.864739575180E-06
603000 5.803496382457E+00 -4.864739575180E-06
603300 5.804897357455E+00 -4.864739575180E-06
603600 5.806298332453E+00 -4.864739575180E-06
603900 5.807699307451E+00 -4.864739575180E-06
604200 5.809100282448E+00 -4.864739575180E-06
604500 5.810501257446E+00 -4.864739575180E-06
604800 5.811902232444E+00 4.669916659171E-06
605100 5.810455247586E+00 4.669916659171E-06
605400 5.809008262727E+00 4.669916659171E-06
605700 5.807561277869E+00 4.669916659171E-06
606000 5.806114293011E+00 4.669916659171E-06
606300 5.804667308152E+00 4.669916659171E-06
606600 5.803220323294E+00 4.669916659171E-06
606900 5.801773338435E+00 4.669916659171E-06
607200 5.800326353577E+00 4.669916659171E-06
607500 5.798879368719E+00 4.669916659171E-06
607800 5.797432383860E+00 4.669916659171E-06
608100 5.795985399002E+00 4.669916659171E-06
608400 5.794538414144E+00 4.669916659171E-06
608700 5.796147292282E+00  -4.823282861217E-06
609000 5.797756170419E+00  -4.823282861217E-06
609300 5.799365048557E+00  -4.823282861217E-06
609600 5.800973926695E+00  -4.823282861217E-06
609900 5.802582804833E+00  -4.823282861217E-06
610200 5.804191682971E+00  -4.823282861217E-06
610500 5.805800561109E+00  -4.823282861217E-06
610800 5.807409439247E+00  -4.823282861217E-06
611100 5.809018317385E+00  -4.823282861217E-06
611400 5.810627195523E+00  -4.823282861217E-06
611700 5.812236073661E+00  -4.823282861217E-06
612000 5.813844951799E+00 5.362927126402E-06
612300 5.812102784317E+00 5.362927126402E-06
612600 5.810360616836E+00 5.362927126402E-06
612900 5.808618449355E+00 5.362927126402E-06
613200 5.806876281874E+00 5.362927126402E-06
613500 5.805134114392E+00 5.362927126402E-06
613800 5.803391946911E+00 5.362927126402E-06
614100 5.801649779430E+00 5.362927126402E-06
614400 5.799907611949E+00 5.362927126402E-06
614700 5.798165444467E+00 5.362927126402E-06
615000 5.796423276986E+00 5.362927126402E-06
615300 5.794681109505E+00 5.362927126402E-06
615600 5.792938942023E+00 -5.807224937549E-06
615900 5.793268515082E+00 -5.807224937549E-06
616200 5.793598088140E+00 -5.807224937549E-06
616500 5.793927661199E+00 -5.807224937549E-06
616800 5.794257234257E+00 -5.807224937549E-06
617100 5.794586807316E+00 -5.807224937549E-06
617400 5.794916380374E+00 -5.807224937549E-06
617700 5.795245953432E+00 -5.807224937549E-06
618000 5.795575526491E+00 -5.807224937549E-06
618300 5.795905099549E+00 -5.807224937549E-06
618600 5.796234672608E+00 -5.807224937549E-06
618900 5.796564245666E+00 -5.807224937549E-06
619200 5.796893818725E+00 -5.807224937549E-06
619500 5.796576186238E+00 1.098576861421E-06
619800 5.796258553751E+00 1.098576861421E-06
620100 5.795940921264E+00 1.098576861421E-06
620400 5.795623288777E+00 1.098576861421E-06
620700 5.795305656290E+00 1.098576861421E-06
621000 5.794988023803E+00 1.098576861421E-06
621300 5.794670391316E+00 1.098576861421E-06
621600 5.794352758829E+00 1.098576861421E-06
621900 5.794035126342E+00 1.098576861421E-06
622200 5.793717493856E+00 1.098576861421E-06
622500 5.793399861369E+00 1.098576861421E-06
622800 5.793082228882E+00  -1.058774956337E-06
623100 5.794265307769E+00  -1.058774956337E-06
623400 5.795448386656E+00  -1.058774956337E-06
623700 5.796631465544E+00  -1.058774956337E-06
624000 5.797814544431E+00  -1.058774956337E-06
624300 5.798997623319E+00  -1.058774956337E-06
624600 5.800180702206E+00  -1.058774956337E-06
624900 5.801363781093E+00  -1.058774956337E-06
625200 5.802546859981E+00  -1.058774956337E-06
625500 5.803729938868E+00  -1.058774956337E-06
625800 5.804913017755E+00  -1.058774956337E-06
626100 5.806096096643E+00  -1.058774956337E-06
626400 5.807279175530E+00  3.943596291174E-06
626700 5.809494774927E+00  3.943596291174E-06
627000 5.811710374324E+00  3.943596291174E-06
627300 5.813925973722E+00  3.943596291174E-06
627600 5.816141573119E+00  3.943596291174E-06
627900 5.818357172516E+00  3.943596291174E-06
628200 5.820572771913E+00  3.943596291174E-06
628500 5.822788371310E+00  3.943596291174E-06
628800 5.825003970708E+00  3.943596291174E-06
629100 5.827219570105E+00  3.943596291174E-06
629400 5.829435169502E+00  3.943596291174E-06
629700 5.831650768899E+00  3.943596291174E-06
630000 5.833866368297E+00  3.943596291174E-06
630300 5.833749725649E+00  7.385331324034E-06
630600 5.833633083001E+00  7.385331324034E-06
630900 5.833516440354E+00  7.385331324034E-06
631200 5.833399797706E+00  7.385331324034E-06
631500 5.833283155059E+00  7.385331324034E-06
631800 5.833166512411E+00  7.385331324034E-06
632100 5.833049869763E+00  7.385331324034E-06
632400 5.832933227116E+00  7.385331324034E-06
632700 5.832816584468E+00  7.385331324034E-06
633000 5.832699941821E+00  7.385331324034E-06
633300 5.832583299173E+00  7.385331324034E-06
633600 5.832466656525E+00 -3.888088253369E-07
633900 5.832519649847E+00 -3.888088253369E-07
634200 5.832572643169E+00 -3.888088253369E-07
634500 5.832625636490E+00 -3.888088253369E-07
634800 5.832678629812E+00 -3.888088253369E-07
635100 5.832731623134E+00 -3.888088253369E-07
635400 5.832784616455E+00 -3.888088253369E-07
635700 5.832837609777E+00 -3.888088253369E-07
636000 5.832890603099E+00 -3.888088253369E-07
636300 5.832943596420E+00 -3.888088253369E-07
636600 5.832996589742E+00 -3.888088253369E-07
636900 5.833049583064E+00 -3.888088253369E-07
637200 5.833102576386E+00  1.766444056213E-07
637500 5.835630991400E+00  1.766444056213E-07
637800 5.838159406413E+00  1.766444056213E-07
638100 5.840687821427E+00  1.766444056213E-07
638400 5.843216236441E+00  1.766444056213E-07
638700 5.845744651455E+00  1.766444056213E-07
639000 5.848273066469E+00  1.766444056213E-07
639300 5.850801481483E+00  1.766444056213E-07
639600 5.853329896497E+00  1.766444056213E-07
639900 5.855858311511E+00  1.766444056213E-07
640200 5.858386726525E+00  1.766444056213E-07
640500 5.860915141539E+00  1.766444056213E-07
640800 5.863443556553E+00  1.766444056213E-07
641100 5.863334684881E+00  8.428050046581E-06
641400 5.863225813209E+00  8.428050046581E-06
641700 5.863116941537E+00  8.428050046581E-06
642000 5.863008069865E+00  8.428050046581E-06
642300 5.862899198193E+00  8.428050046581E-06
642600 5.862790326520E+00  8.428050046581E-06
642900 5.862681454848E+00  8.428050046581E-06
643200 5.862572583176E+00  8.428050046581E-06
643500 5.862463711504E+00  8.428050046581E-06
643800 5.862354839832E+00  8.428050046581E-06
644100 5.862245968160E+00  8.428050046581E-06
644400 5.862137096487E+00  -3.629055738151E-07
644700 5.862049470485E+00  -3.629055738151E-07
645000 5.861961844482E+00  -3.629055738151E-07
645300 5.861874218479E+00  -3.629055738151E-07
645600 5.861786592476E+00  -3.629055738151E-07
645900 5.861698966474E+00  -3.629055738151E-07
646200 5.861611340471E+00  -3.629055738151E-07
646500 5.861523714468E+00  -3.629055738151E-07
646800 5.861436088465E+00  -3.629055738151E-07
647100 5.861348462463E+00  -3.629055738151E-07
647400 5.861260836460E+00  -3.629055738151E-07
647700 5.861173210457E+00  -3.629055738151E-07
648000 5.861085584454E+00  -2.920866758320E-07
648300 5.860514509128E+00  -2.920866758320E-07
648600 5.859943433801E+00  -2.920866758320E-07
648900 5.859372358474E+00  -2.920866758320E-07
649200 5.858801283147E+00  -2.920866758320E-07
649500 5.858230207821E+00  -2.920866758320E-07
649800 5.857659132494E+00  -2.920866758320E-07
650100 5.857088057167E+00  -2.920866758320E-07
650400 5.856516981840E+00  -2.920866758320E-07
650700 5.855945906514E+00  -2.920866758320E-07
651000 5.855374831187E+00  -2.920866758320E-07
651300 5.854803755860E+00  -2.920866758320E-07
651600 5.854232680533E+00  -2.920866758320E-07
651900 5.854450881135E+00  -1.903584422517E-06
652200 5.854669081737E+00  -1.903584422517E-06
652500 5.854887282339E+00  -1.903584422517E-06
652800 5.855105482941E+00  -1.903584422517E-06
653100 5.855323683543E+00  -1.903584422517E-06
653400 5.855541884145E+00  -1.903584422517E-06
653700 5.855760084747E+00  -1.903584422517E-06
654000 5.855978285349E+00  -1.903584422517E-06
654300 5.856196485950E+00  -1.903584422517E-06
654600 5.856414686552E+00  -1.903584422517E-06
654900 5.856632887154E+00  -1.903584422517E-06
655200 5.856851087756E+00 7.273353396456E-07
